14.8083 14.8071 14.7883 14.7653 14.7577 14.7814 14.8181 14.8872 14.9875 15.1201 15.2820 15.4639 15.6478 15.8227 15.9811 16.1200 
14.3571 14.4100 14.4844 14.5270 14.5454 14.5705 14.6116 14.6814 14.7764 14.8940 15.0432 15.2112 15.3845 15.5607 15.7173 15.8646 
14.1601 14.1630 14.2064 14.2658 14.3151 14.3574 14.4082 14.4733 14.5584 14.6640 14.8024 14.9630 15.1334 15.3002 15.4570 15.5947 
13.9559 13.9378 13.9462 13.9898 14.0547 14.1237 14.1934 14.2680 14.3551 14.4571 14.5821 14.7237 14.8780 15.0275 15.1848 15.3283 
13.7404 13.7198 13.7107 13.7298 13.7836 13.8633 13.9567 14.0523 14.1539 14.2612 14.3832 14.5130 14.6493 14.7865 14.9281 15.0665 
13.5855 13.5680 13.5526 13.5534 13.5853 13.6551 13.7535 13.8637 13.9764 14.0873 14.2039 14.3247 14.4516 14.5813 14.7060 14.8397 
13.4874 13.4759 13.4616 13.4536 13.4645 13.5076 13.5870 13.6925 13.8087 13.9193 14.0321 14.1503 14.2738 14.3996 14.5195 14.6426 
13.4405 13.4335 13.4220 13.4111 13.4095 13.4292 13.4811 13.5652 13.6646 13.7676 13.8731 13.9870 14.1088 14.2321 14.3503 14.4704 
13.4388 13.4345 13.4250 13.4136 13.4064 13.4119 13.4374 13.4865 13.5577 13.6439 13.7380 13.8465 13.9618 14.0800 14.1961 14.3162 
13.4746 13.4719 13.4631 13.4501 13.4369 13.4294 13.4322 13.4531 13.4967 13.5564 13.6345 13.7310 13.8370 13.9481 14.0601 14.1773 
13.5390 13.5356 13.5218 13.5028 13.4830 13.4673 13.4584 13.4613 13.4805 13.5139 13.5715 13.6484 13.7398 13.8417 13.9458 14.0573 
13.6150 13.6085 13.5918 13.5687 13.5436 13.5198 13.5027 13.4950 13.4984 13.5174 13.5537 13.6086 13.6806 13.7666 13.8593 13.9594 
13.7148 13.7066 13.6886 13.6628 13.6329 13.6045 13.5801 13.5624 13.5540 13.5580 13.5762 13.6105 13.6616 13.7289 13.8046 13.8884 
13.8298 13.8222 13.8030 13.7750 13.7427 13.7096 13.6797 13.6554 13.6389 13.6318 13.6361 13.6526 13.6845 13.7275 13.7819 13.8490 
13.9453 13.9401 13.9229 13.8952 13.8606 13.8235 13.7896 13.7593 13.7354 13.7202 13.7141 13.7173 13.7309 13.7564 13.7946 13.8446 
14.0689 14.0657 14.0506 14.0249 13.9903 13.9493 13.9051 13.8658 13.8339 13.8110 13.7971 13.7920 13.7960 13.8096 13.8337 13.8689 
