23.700
23.750
23.800
23.900
24.000
24.100
24.200
24.250
24.300
24.400
24.500
24.550
24.600
24.650
24.700
24.750
24.800
24.850
24.900
24.950
25.000
25.050
25.100
25.150
25.200
25.250
25.300
25.350
25.400
25.450
25.500
25.550
25.600
25.650
25.700
25.750
25.800
25.850
25.900
25.950
26.000
26.050
26.100
26.150
26.200
26.250
26.300
26.350
26.400
26.450
26.500
26.550
26.600
26.650
26.700
26.750
26.800
26.850
26.900
26.950
27.000
27.050
27.100
27.150
27.200
27.250
27.300
27.350
27.400
27.450
27.500
27.550
27.600
27.650
27.700
27.750
27.800
27.850
27.900
27.950
28.000
28.050
28.100
28.150
28.200
28.250
28.300
28.350
28.400
28.450
