1.28350
1.69000
1.70450
1.70900
1.71750
1.72800
1.73550
1.73850
1.74400
1.74800
1.74900
1.75300
1.75400
1.75500
1.75600
1.75950
1.76250
1.76700
1.76800
1.76850
1.77000
1.77200
1.77700
1.77850
1.78150
1.78150
1.78200
1.78300
1.78450
1.78500
1.78550
1.78600
1.79200
1.79400
1.79800
1.79950
1.80000
1.80400
1.80550
1.80600
1.81000
1.81300
1.81400
1.82000
1.82300
1.82400
1.84000
1.84550
1.84800
1.84900
1.85100
1.86500
1.86800
1.88100
1.88200
1.88350
1.88450
1.88700
1.88950
1.89150
1.89350
1.89500
1.89650
1.89750
1.89850
1.90250
1.90350
1.90650
1.90750
1.90850
1.91150
1.91500
1.91750
1.92000
1.92100
1.92150
1.92200
1.92300
1.92450
1.92550
1.92900
1.93150
1.93150
1.93250
1.93350
1.93350
1.93500
1.93550
1.93650
1.93700
1.93750
1.93800
1.93900
1.94050
1.94700
1.94750
1.95100
1.95150
1.95450
1.96200
1.96350
1.96500
1.96850
1.97450
1.97600
1.97650
1.97700
1.98100
1.98650
1.98850
1.99750
1.99800
2.00150
2.00350
2.00400
2.00400
2.00550
2.00650
2.00700
2.00750
2.00800
2.00900
2.01050
2.01500
2.01550
2.02500
2.02600
2.02750
2.02850
2.02950
2.03250
2.04500
2.04950
2.05100
2.05150
2.05200
2.05250
2.05450
2.05550
2.05850
2.06450
2.06650
2.06950
2.07050
2.07200
2.07450
2.07550
2.07900
2.08050
2.09000
2.09250
2.10250
2.11250
2.11950
2.12050
2.12150
2.12250
2.12600
2.12650
2.12850
2.13100
2.13150
2.13150
2.13250
2.13350
2.13400
2.13650
2.13650
2.13800
2.13950
2.14000
2.14250
2.14450
2.16150
2.16350
2.16450
2.16550
2.17850
2.18750
2.18850
2.19050
2.19350
2.19400
2.19650
2.19750
2.20000
2.20050
2.20100
2.20250
2.20300
2.20500
2.20850
2.20900
2.20950
2.21050
2.21100
2.21250
2.21300
2.21400
2.21450
2.21550
2.21600
2.22150
2.22200
2.22250
2.22350
2.22450
2.22500
2.22800
2.23100
2.23150
2.23200
2.23700
1.22200
1.63450
1.64550
1.64900
1.65000
1.65950
1.66350
1.68450
1.69550
1.69600
1.69900
1.69900
1.70050
1.70400
1.70500
1.70700
1.71200
1.71500
1.72000
1.72600
1.72950
1.73000
1.73300
1.73400
1.73400
1.73450
1.73650
1.73650
1.74200
1.74300
1.74400
1.74900
1.75000
1.75100
1.75400
1.75550
1.76150
1.76500
1.77400
1.77450
1.77500
1.81600
1.83200
1.83450
1.83550
1.84100
1.84100
1.84400
1.84550
1.84600
1.84750
1.84850
1.85250
1.85350
1.85750
1.85850
1.85850
1.86700
1.86750
1.87050
1.87550
1.87850
1.88100
1.88450
1.88550
1.88650
1.88700
1.88750
1.88800
1.89050
1.89100
1.89150
1.89250
1.89350
1.89650
1.89800
1.90150
1.90400
1.90800
1.91400
1.91450
1.91750
1.91950
1.92200
1.92300
1.92500
1.92850
1.92950
1.93450
1.93650
1.93900
1.94750
1.94950
1.95300
1.95500
1.95700
1.95900
1.95950
1.96150
1.96450
1.96600
1.96650
1.96700
1.97000
1.97200
1.97350
1.97600
1.98150
1.98250
1.99000
2.00000
2.00150
2.00250
2.00300
2.00350
2.00400
2.00450
2.00550
2.00650
2.01600
2.01650
2.01750
2.01950
2.02000
2.02600
2.02850
2.03050
2.03150
2.04250
2.04400
2.04700
2.06050
2.06650
2.06750
2.06950
2.07050
2.07100
2.07150
2.07200
2.07250
2.07650
2.07900
2.08000
2.08050
2.08200
2.08250
2.08400
2.08400
2.08950
2.09150
2.09250
2.09300
2.09600
2.10150
2.10550
2.10600
2.11450
2.11500
2.11950
2.12850
2.12950
2.13850
2.13900
2.14050
2.14150
2.15150
2.15200
2.15350
2.15450
2.15550
2.15750
2.15850
2.15900
2.15950
2.16050
2.16100
2.16250
2.16300
2.16350
2.16550
2.16600
2.16650
2.16750
2.16950
2.17150
2.17200
2.17250
2.17350
2.17500
2.17550
2.17600
2.17950
2.18000
2.18100
2.18100
2.18150
2.18450
2.19200
1.24250
1.53750
1.55050
1.55500
1.55650
1.55750
1.57250
1.58650
1.59550
1.60100
1.60650
1.60750
1.60850
1.61500
1.61750
1.61900
1.62100
1.62150
1.62250
1.62950
1.63050
1.63300
1.63450
1.63500
1.63600
1.63700
1.63750
1.63800
1.64550
1.64650
1.65050
1.65600
1.65700
1.65850
1.66000
1.66400
1.67800
1.68100
1.72500
1.73500
1.73600
1.73750
1.74150
1.74400
1.74450
1.74550
1.74650
1.75100
1.75100
1.75400
1.75550
1.75750
1.76100
1.76250
1.76350
1.76450
1.76550
1.76600
1.76650
1.76950
1.77000
1.77100
1.77200
1.77600
1.77650
1.77700
1.77750
1.77850
1.77900
1.78300
1.78400
1.78400
1.78500
1.78600
1.78650
1.78750
1.78950
1.79150
1.79200
1.79250
1.79300
1.79350
1.79400
1.79450
1.79550
1.79600
1.79650
1.80250
1.80300
1.80550
1.80900
1.81500
1.82000
1.82400
1.82750
1.82900
1.83100
1.83850
1.83950
1.84050
1.84550
1.84600
1.85000
1.85200
1.85400
1.85550
1.85600
1.85600
1.85750
1.86050
1.86100
1.86250
1.86400
1.87550
1.87600
1.88100
1.88350
1.88650
1.89100
1.89350
1.90300
1.90450
1.90500
1.90650
1.91000
1.91050
1.91250
1.91300
1.91450
1.91850
1.92250
1.92350
1.92450
1.92550
1.93250
1.94500
1.94900
1.95150
1.95950
1.96750
1.96850
1.97050
1.97200
1.97300
1.97400
1.97500
1.97600
1.97750
1.97900
1.98000
1.98100
1.98150
1.98250
1.98350
1.98450
1.98500
1.98750
1.99250
1.99350
1.99400
1.99400
1.99700
2.00100
2.01450
2.01550
2.01650
2.02600
2.03150
2.03500
2.04000
2.04100
2.04200
2.04250
2.04350
2.04550
2.04650
2.04750
2.05050
2.05300
2.05450
2.06000
2.06150
2.06150
2.06200
2.06250
2.06300
2.06350
2.06350
2.06400
2.06450
2.06550
2.06650
2.06750
2.06850
2.06850
2.06950
2.07000
2.07100
2.07150
2.07300
2.07450
2.07850
2.08100
2.08150
2.08250
2.08450
1.07750
1.43800
1.44300
1.44650
1.45050
1.45900
1.48550
1.48950
1.49950
1.50250
1.50350
1.50600
1.50850
1.50900
1.51050
1.51650
1.51850
1.52350
1.52450
1.53050
1.53550
1.53600
1.53850
1.53900
1.53900
1.54100
1.54200
1.54350
1.54450
1.54950
1.55300
1.55400
1.55500
1.55600
1.55700
1.56100
1.56450
1.56500
1.56700
1.57450
1.65150
1.65250
1.65400
1.65650
1.66100
1.66550
1.66650
1.66850
1.67400
1.67500
1.67750
1.68200
1.68250
1.68350
1.68650
1.68700
1.68750
1.69050
1.69100
1.69350
1.69400
1.69450
1.69550
1.69850
1.69900
1.69950
1.70350
1.70550
1.70900
1.71050
1.71100
1.71350
1.71350
1.72300
1.72700
1.72800
1.73050
1.73100
1.73200
1.73600
1.74050
1.74450
1.75100
1.75150
1.75300
1.75350
1.75500
1.75550
1.75650
1.75650
1.75850
1.76000
1.76250
1.76550
1.76900
1.77100
1.77350
1.77450
1.77900
1.78350
1.78650
1.80100
1.80200
1.80300
1.81100
1.81150
1.81350
1.81800
1.82200
1.82250
1.82350
1.83250
1.83600
1.84000
1.84600
1.84850
1.85050
1.85300
1.85450
1.86200
1.87000
1.87100
1.87250
1.87300
1.87400
1.87500
1.87600
1.87600
1.87650
1.88050
1.88450
1.88650
1.88750
1.88850
1.89050
1.89150
1.89500
1.89800
1.89850
1.90800
1.91050
1.91650
1.91950
1.92950
1.93050
1.93050
1.93150
1.93950
1.94050
1.94200
1.94300
1.94300
1.94400
1.94700
1.95050
1.95150
1.95400
1.95900
1.96100
1.96150
1.96150
1.96250
1.96400
1.96450
1.96500
1.96550
1.96600
1.97000
1.97050
1.97100
1.97200
1.97350
1.97400
1.97550
1.97950
1.98250
1.98350
1.98650
1.98750
1.99150
1.10300
1.11150
1.11450
1.12700
1.12800
1.14050
1.14600
1.16050
1.16100
1.16600
1.16850
1.16950
1.17200
1.17700
1.18200
1.18250
1.18400
1.19050
1.19400
1.19450
1.19700
1.19900
1.20100
1.20200
1.20200
1.20300
1.20600
1.20750
1.21850
1.22100
1.22250
1.22600
1.22800
1.23350
1.23550
1.24050
1.25400
1.31200
1.31400
1.31700
1.32200
1.32400
1.32500
1.32800
1.32900
1.33500
1.33900
1.34050
1.34100
1.34200
1.34250
1.34300
1.34550
1.34700
1.34800
1.34850
1.35000
1.35350
1.35350
1.35900
1.36150
1.36400
1.36700
1.36900
1.36950
1.37350
1.37400
1.37500
1.37700
1.38100
1.39100
1.39350
1.39700
1.40900
1.41050
1.41100
1.41450
1.41550
1.42250
1.43350
1.43850
1.05800
1.06100
1.06650
1.07150
1.07650
1.10450
1.11050
1.11800
1.11900
1.12100
1.12500
1.12700
1.12950
1.13400
1.13500
1.13550
1.13700
1.13950
1.14400
1.14600
1.14700
1.14750
1.14900
1.14950
1.15100
1.15400
1.15700
1.15900
1.16100
1.17600
1.17800
1.17850
1.19050
1.19400
1.21500
1.26900
1.27050
1.27200
1.27250
1.27800
1.29000
1.29050
1.29200
1.29250
1.29300
1.29500
1.29750
1.29850
1.30200
1.30300
1.30450
1.30550
1.30850
1.30950
1.31000
1.31250
1.31450
1.31900
1.32000
1.32200
1.32500
1.32900
1.32950
1.33050
1.34150
1.34800
1.34900
1.35750
1.35800
1.36150
1.36250
1.36350
1.36750
1.37000
1.37350
1.38700
1.39750
0.70550
0.96200
0.96400
0.96600
0.97350
0.98100
1.01300
1.02050
1.02050
1.02600
1.02750
1.02800
1.03350
1.03650
1.04650
1.04900
1.05100
1.05250
1.05500
1.05650
1.05750
1.05800
1.05950
1.06300
1.06400
1.06550
1.06700
1.07150
1.07650
1.07750
1.08000
1.08900
1.09550
1.09700
0.87050
0.87950
0.88250
0.88750
0.91450
0.92150
0.92700
0.93400
0.93450
0.93950
0.94200
0.94350
0.95000
0.95050
0.95450
0.95600
0.95800
0.95950
0.96000
0.96050
0.96100
0.96200
0.96500
0.96650
0.96800
0.96800
0.96850
0.97100
0.97250
0.97350
0.98450
0.98450
0.98650
0.98750
0.98800
0.99150
0.99400
0.99500
0.99650
0.99950
1.00050
1.00150
1.00250
1.00350
1.00400
1.00850
1.01850
1.02800
1.03350
1.03850
1.04100
1.04250
1.04450
1.05800
1.06050
1.06600
1.06700
1.06900
1.06950
1.07250
1.07400
1.07450
1.07550
1.07600
1.07650
1.07850
1.07900
1.08150
1.08350
1.08700
1.08750
1.08850
1.08950
1.09250
1.09300
1.09350
1.09600
1.09650
1.09800
1.10150
1.10200
1.10250
1.10400
1.10450
1.10550
1.10700
1.10700
1.10750
1.10850
1.11100
1.11250
1.11300
1.11400
1.11450
1.11450
1.11600
1.11750
1.11850
1.12300
1.12300
1.12650
1.12850
1.12950
1.13450
1.13650
1.14400
1.14800
1.15050
1.15550
1.15750
1.16150
1.16400
1.16750
1.16800
1.16950
1.17100
1.17150
1.17250
1.17300
1.17450
1.17450
1.17550
1.17900
1.17950
1.18200
1.18350
1.19100
1.19300
1.20700
1.20750
1.21300
1.22000
1.22050
1.22200
1.22250
1.22400
1.22500
1.22550
1.22600
1.22850
1.22900
1.23150
1.23450
1.23600
1.23800
1.24500
1.24550
1.24850
1.25700
1.25850
1.26800
1.27350
1.27500
1.27600
1.27900
1.28300
1.28350
1.28600
1.28650
1.28700
1.28800
1.28900
1.29000
1.29300
1.29450
1.29600
1.29800
1.29900
1.29950
1.30050
1.30100
1.30350
1.30400
1.30750
1.31550
1.32050
1.32150
1.32200
1.32650
1.33400
1.33850
1.34150
1.34450
1.34700
1.34850
1.34950
1.35000
1.35300
1.35850
1.36000
1.36150
1.36350
1.36400
1.36550
1.36600
1.36800
1.36900
1.37000
1.37200
1.37250
1.37300
1.37400
1.37500
1.37700
1.38000
1.38100
1.38300
1.38450
1.38650
1.38700
1.38850
1.39000
1.39100
1.39100
1.39200
1.39250
1.39600
1.39650
1.40300
1.41000
0.82900
0.84150
0.84550
0.84650
0.85300
0.85350
0.86150
0.87600
0.88450
0.88900
0.89250
0.89300
0.89500
0.89550
0.90000
0.90050
0.90250
0.90350
0.90950
0.91150
0.91250
0.91300
0.91450
0.91500
0.91600
0.91850
0.91950
0.92250
0.92400
0.92500
0.92550
0.92650
0.93250
0.93550
0.93600
0.93950
0.94200
0.94400
0.95050
0.95350
0.95400
0.95450
0.95450
0.95550
0.95800
0.96200
0.96550
0.96850
0.97800
0.98800
0.98900
0.99350
0.99450
0.99850
1.00250
1.01400
1.02100
1.02300
1.02400
1.02750
1.02950
1.03000
1.03050
1.03250
1.03300
1.03350
1.03400
1.03500
1.03550
1.03700
1.03750
1.04050
1.04150
1.04450
1.04700
1.04850
1.04900
1.05000
1.05200
1.05250
1.05350
1.05350
1.05450
1.05550
1.05750
1.05950
1.06050
1.06150
1.06350
1.06350
1.06400
1.06400
1.06450
1.06500
1.06600
1.06650
1.06750
1.06750
1.06800
1.06950
1.07000
1.07150
1.07200
1.07500
1.07750
1.07850
1.07900
1.08050
1.08350
1.08400
1.08650
1.08750
1.09050
1.09650
1.10100
1.10150
1.10200
1.10500
1.10750
1.11300
1.11650
1.11850
1.12000
1.12200
1.12200
1.12250
1.12300
1.12400
1.12700
1.13050
1.13400
1.13650
1.14350
1.14400
1.14900
1.15050
1.15750
1.15950
1.16150
1.16500
1.17200
1.17350
1.17450
1.17550
1.17700
1.17750
1.17900
1.17950
1.18000
1.18150
1.18450
1.18800
1.18950
1.18950
1.19650
1.19900
1.20050
1.21000
1.21500
1.22050
1.22300
1.22700
1.23200
1.23750
1.23800
1.23900
1.24000
1.24050
1.24050
1.24100
1.24200
1.24200
1.24300
1.24400
1.24650
1.24950
1.24950
1.25100
1.25150
1.25200
1.25250
1.25450
1.25550
1.25800
1.25850
1.25950
1.26700
1.27200
1.27300
1.27400
1.27800
1.28600
1.29000
1.29150
1.30100
1.30150
1.30200
1.30550
1.31150
1.31200
1.31300
1.31450
1.31500
1.31600
1.31700
1.31900
1.31950
1.32000
1.32150
1.32250
1.32450
1.32500
1.32550
1.32700
1.32800
1.32850
1.32900
1.33050
1.33250
1.33400
1.33500
1.33750
1.33950
1.34000
1.34100
1.34150
1.34250
1.34300
1.34350
1.34400
1.34750
1.34850
1.35200
1.35650
0.77900
0.78800
0.79200
0.79400
0.79900
0.79950
0.83100
0.83800
0.84150
0.84300
0.84400
0.84500
0.84600
0.84750
0.84900
0.84950
0.85100
0.85800
0.85900
0.85950
0.86100
0.86550
0.86650
0.86800
0.87400
0.88500
0.88550
0.88700
0.88750
0.88800
0.89000
0.89450
0.89600
0.89750
0.90000
0.90050
0.90350
0.90550
0.91050
0.91300
0.91600
0.92000
0.92200
0.92200
0.92500
0.94350
0.94600
0.94850
0.94900
0.95300
0.96300
0.97400
0.97450
0.97750
0.98050
0.98050
0.98100
0.98200
0.98350
0.98450
0.98450
0.98600
0.98750
0.98850
0.98900
0.99150
0.99200
0.99500
0.99550
0.99900
0.99900
1.00100
1.00300
1.00350
1.00450
1.00550
1.00550
1.00600
1.00750
1.00950
1.01100
1.01150
1.01250
1.01350
1.01450
1.01450
1.01500
1.01550
1.01550
1.01650
1.01750
1.01800
1.01850
1.02000
1.02100
1.02100
1.02700
1.02750
1.02850
1.02900
1.03050
1.03150
1.03250
1.03300
1.03850
1.04450
1.05150
1.05250
1.05600
1.05800
1.05900
1.05950
1.06250
1.06300
1.06550
1.06750
1.06900
1.06950
1.07100
1.07200
1.07300
1.07350
1.07500
1.07900
1.08300
1.08450
1.08950
1.09350
1.09650
1.10450
1.10550
1.11050
1.11750
1.11900
1.12400
1.12500
1.12600
1.12800
1.12850
1.13000
1.13300
1.13400
1.13500
1.13850
1.14000
1.14100
1.14200
1.14900
1.15250
1.15300
1.15700
1.16000
1.16700
1.17150
1.18300
1.18600
1.18700
1.18900
1.19150
1.19200
1.19250
1.19400
1.19550
1.19600
1.19800
1.19850
1.19900
1.20000
1.20150
1.20200
1.20250
1.20300
1.20300
1.20600
1.20750
1.21050
1.21150
1.22000
1.23000
1.23250
1.23350
1.23450
1.24100
1.24350
1.24450
1.24750
1.24850
1.24950
1.25050
1.25150
1.25250
1.25800
1.26250
1.26350
1.26450
1.26450
1.26550
1.26900
1.26950
1.27150
1.27300
1.27350
1.27400
1.27550
1.27700
1.27700
1.27750
1.27800
1.28000
1.28100
1.28150
1.28250
1.28400
1.28650
1.28750
1.28950
1.29050
1.29100
1.29150
1.29300
1.29350
1.29700
1.29750
1.29900
1.30150
1.30200
1.30700
0.73800
0.73950
0.74300
0.75700
0.75700
0.75800
0.78350
0.78850
0.79050
0.80050
0.80100
0.80200
0.80250
0.80600
0.80950
0.81200
0.81350
0.81700
0.81800
0.81900
0.82000
0.82050
0.82200
0.82400
0.82450
0.82750
0.82900
0.83050
0.83450
0.83500
0.83900
0.84150
0.84200
0.84700
0.85000
0.85350
0.85400
0.86050
0.86150
0.93300
0.93500
0.93800
0.94150
0.94200
0.94700
0.95000
0.95250
0.95550
0.95700
0.95750
0.95900
0.96050
0.96250
0.96300
0.96450
0.96500
0.96550
0.96600
0.96650
0.96700
0.96700
0.96950
0.97000
0.97100
0.97150
0.97350
0.98000
0.98350
0.98450
0.98550
0.98700
0.99150
0.99350
0.99450
1.00150
1.00500
1.00850
1.01000
1.01250
1.02050
1.02200
1.02450
1.02500
1.02700
1.02850
1.02950
1.03400
1.03450
1.04100
1.04550
1.04600
1.04650
1.06050
1.08000
1.08800
1.08950
1.10850
0.69350
0.69650
0.70400
0.70950
0.71250
0.71750
0.72750
0.74650
0.75100
0.75500
0.75750
0.76250
0.76450
0.76550
0.76650
0.76950
0.77400
0.77450
0.77650
0.78000
0.78050
0.78100
0.78300
0.78350
0.78450
0.78750
0.79050
0.79150
0.79350
0.79400
0.79500
0.79550
0.79950
0.80400
0.80600
0.80650
0.81350
0.81400
0.81700
0.81750
0.82250
0.82650
0.83200
0.83700
0.84150
0.84850
0.85300
0.85450
0.85650
0.86350
0.87200
0.87650
0.87800
0.88050
0.88250
0.88350
0.88650
0.88800
0.88950
0.89100
0.89150
0.89150
0.89250
0.89300
0.89350
0.89550
0.89600
0.90000
0.90050
0.90100
0.90300
0.90400
0.90500
0.90700
0.90750
0.91100
0.91150
0.91400
0.91450
0.91500
0.91600
0.91900
0.91900
0.92000
0.92300
0.92300
0.92400
0.92450
0.92600
0.92900
0.92900
0.92950
0.93000
0.93150
0.93250
0.93300
0.93600
0.93700
0.93800
0.93800
0.93850
0.93900
0.94100
0.94250
0.94600
0.94750
0.95300
0.95800
0.96150
0.96200
0.96500
0.97050
0.97250
0.97300
0.97350
0.97450
0.97650
0.97900
0.97950
0.98000
0.98500
0.98750
0.98900
0.99000
0.99150
0.99350
0.99500
0.99900
1.00550
1.01000
1.01700
1.01800
1.02450
1.02800
1.03000
1.03100
1.03300
1.03300
1.03350
1.03500
1.03600
1.04100
1.04300
1.04600
1.04650
1.04700
1.04800
1.04950
1.05250
1.05700
1.05700
1.06400
1.07250
1.07300
1.07600
1.08800
1.08800
1.08850
1.09000
1.09050
1.09100
1.09150
1.09250
1.09400
1.09750
1.09800
1.09800
1.09850
1.10150
1.10200
1.10700
1.10750
1.10850
1.11050
1.11100
1.11200
1.11300
1.11300
1.11600
1.11950
1.12350
1.12450
1.12950
1.13050
1.13300
1.13550
1.14150
1.14600
1.15150
1.15450
1.15450
1.15650
1.15700
1.15750
1.16050
1.16100
1.16250
1.16300
1.16500
1.16750
1.17250
1.17350
1.17450
1.17550
1.17600
1.17700
1.17800
1.17900
1.17950
1.17950
1.18050
1.18150
1.18250
1.18700
1.18800
1.18800
1.19200
1.19200
1.19250
1.19300
1.19350
1.19400
1.19500
1.19600
1.19800
1.19850
1.20100
1.20750
1.21000
0.61150
0.62150
0.62950
0.63350
0.63450
0.63500
0.63800
0.66050
0.66050
0.66150
0.66300
0.66350
0.66450
0.66750
0.67950
0.68100
0.68150
0.68200
0.68250
0.68500
0.68550
0.68650
0.68700
0.68800
0.68850
0.69100
0.69450
0.69550
0.69700
0.69900
0.70100
0.70200
0.70250
0.70550
0.70600
0.70650
0.71000
0.71250
0.71350
0.71550
0.71850
0.72300
0.72400
0.72600
0.72600
0.72850
0.73050
0.73450
0.73950
0.74200
0.74350
0.74850
0.76350
0.76650
0.76750
0.76800
0.76900
0.77150
0.77950
0.78100
0.78800
0.79200
0.79400
0.79600
0.79700
0.79950
0.80050
0.80100
0.80350
0.80400
0.80450
0.80450
0.80650
0.80750
0.80850
0.81150
0.81350
0.81450
0.81550
0.81850
0.81850
0.82050
0.82100
0.82350
0.82450
0.82500
0.82550
0.82600
0.82800
0.82950
0.82950
0.83050
0.83050
0.83250
0.83250
0.83450
0.83650
0.83700
0.83900
0.84150
0.84250
0.84300
0.84350
0.84450
0.84550
0.84550
0.85050
0.85100
0.85400
0.85600
0.86550
0.86600
0.86650
0.86700
0.86900
0.86950
0.87250
0.87800
0.88150
0.88250
0.88300
0.88300
0.88450
0.88750
0.88950
0.89000
0.89050
0.89350
0.89550
0.89750
0.89850
0.90300
0.90650
0.91050
0.91650
0.92400
0.92500
0.92750
0.93150
0.93150
0.93750
0.93800
0.94050
0.94250
0.94350
0.94450
0.94500
0.95050
0.95150
0.95350
0.95850
0.96000
0.96250
0.96300
0.96400
0.96450
0.96800
0.97250
0.97750
0.97800
0.97850
0.99150
0.99650
0.99700
0.99700
0.99950
1.00000
1.00050
1.00150
1.00350
1.00600
1.00850
1.01050
1.01100
1.01200
1.01250
1.01400
1.01600
1.01800
1.02200
1.02200
1.02400
1.02850
1.03300
1.03800
1.03900
1.04500
1.04950
1.05100
1.05150
1.05600
1.06000
1.06150
1.06200
1.06250
1.06550
1.06850
1.06950
1.07150
1.07250
1.07400
1.07650
1.07750
1.08150
1.08250
1.08350
1.08450
1.08450
1.08500
1.08550
1.08650
1.08750
1.09050
1.09250
1.09350
1.09450
1.09550
1.09650
1.09800
1.09900
1.10150
1.10350
1.10450
1.10450
1.11250
1.11450
1.11850
0.57150
0.57950
0.58150
0.58400
0.58850
0.60000
0.60350
0.62200
0.62450
0.62500
0.62550
0.62700
0.62850
0.63150
0.63450
0.63800
0.64000
0.64150
0.64200
0.64300
0.64650
0.64800
0.64900
0.65250
0.65350
0.65450
0.65700
0.65750
0.65900
0.66150
0.66250
0.66350
0.67050
0.67100
0.67150
0.67400
0.67500
0.67800
0.68050
0.68100
0.68250
0.68450
0.68600
0.68650
0.68950
0.69050
0.69650
0.69750
0.69800
0.70350
0.71250
0.71850
0.71950
0.72350
0.72450
0.72750
0.73350
0.74050
0.74300
0.74500
0.74700
0.75000
0.75250
0.75400
0.75700
0.75750
0.75800
0.75800
0.76000
0.76050
0.76100
0.76150
0.76400
0.76450
0.76550
0.76800
0.76800
0.76800
0.76850
0.77350
0.77450
0.77500
0.77750
0.77800
0.78000
0.78050
0.78150
0.78200
0.78200
0.78250
0.78350
0.78400
0.78450
0.78550
0.78700
0.78800
0.78900
0.78900
0.78950
0.79000
0.79200
0.79350
0.79450
0.79600
0.79700
0.79750
0.79800
0.79950
0.80250
0.80350
0.80450
0.80550
0.80700
0.80750
0.80850
0.81000
0.81550
0.81850
0.82250
0.82350
0.82650
0.83050
0.83200
0.83250
0.83400
0.83600
0.83800
0.83900
0.84000
0.84100
0.84300
0.84400
0.84550
0.84650
0.85050
0.85150
0.85350
0.85550
0.85750
0.85900
0.86100
0.86950
0.87950
0.88600
0.89000
0.89000
0.89450
0.89450
0.89650
0.89650
0.89750
0.89850
0.90200
0.90300
0.90450
0.90550
0.90700
0.90700
0.90850
0.91200
0.91550
0.91550
0.92050
0.92350
0.93650
0.93850
0.94250
0.94550
0.95250
0.95500
0.95550
0.95700
0.95750
0.95800
0.95900
0.96100
0.96300
0.96350
0.96500
0.96550
0.96600
0.96850
0.96900
0.97500
0.97950
0.98150
0.98300
0.98950
0.99000
0.99100
0.99350
1.00000
1.00050
1.00200
1.00700
1.00700
1.01350
1.01450
1.01500
1.01750
1.01800
1.02050
1.02300
1.02400
1.02450
1.02600
1.02950
1.02950
1.03100
1.03150
1.03200
1.03250
1.03550
1.03600
1.03650
1.03850
1.04000
1.04250
1.04300
1.04350
1.04450
1.04700
1.04850
1.04900
1.04950
1.05150
1.05350
1.05400
1.05450
1.05550
1.05700
1.06450
1.06450
1.06750
0.53000
0.53850
0.53900
0.54150
0.54350
0.54750
0.55850
0.56200
0.56300
0.56800
0.57100
0.57400
0.57650
0.57900
0.58050
0.58450
0.58500
0.58700
0.59350
0.59350
0.59550
0.59650
0.59700
0.60050
0.60250
0.60350
0.60500
0.60600
0.60750
0.61250
0.61450
0.61500
0.61550
0.61850
0.61900
0.61950
0.62050
0.62150
0.62350
0.62400
0.62400
0.62800
0.62850
0.62950
0.63250
0.63400
0.63400
0.63450
0.63500
0.63600
0.63650
0.63700
0.63750
0.63750
0.63950
0.64100
0.64250
0.64450
0.64750
0.64850
0.64900
0.65550
0.65600
0.65650
0.65750
0.65750
0.66050
0.66500
0.66750
0.66800
0.66850
0.66950
0.67050
0.67550
0.67550
0.67650
0.67750
0.67800
0.68150
0.68250
0.68550
0.68750
0.69150
0.69650
0.69850
0.70200
0.70200
0.70350
0.70450
0.70450
0.70550
0.70700
0.70800
0.71000
0.71200
0.71250
0.71350
0.71600
0.71600
0.71750
0.71950
0.72000
0.72050
0.72100
0.72150
0.72200
0.72350
0.72400
0.72500
0.72500
0.72550
0.72550
0.72650
0.72750
0.72800
0.72800
0.72850
0.72850
0.72900
0.73000
0.73050
0.73100
0.73300
0.73350
0.73550
0.73750
0.73800
0.73850
0.73950
0.73950
0.74050
0.74050
0.74250
0.74250
0.74350
0.74550
0.74550
0.74600
0.74650
0.74700
0.74750
0.74900
0.74950
0.74950
0.75000
0.75050
0.75100
0.75150
0.75250
0.75300
0.75400
0.75450
0.75500
0.75950
0.75950
0.76050
0.76300
0.76350
0.76350
0.76650
0.76950
0.77550
0.77750
0.77800
0.78100
0.78200
0.78250
0.78500
0.78600
0.78750
0.78800
0.78950
0.79000
0.79050
0.79300
0.79500
0.79650
0.79700
0.79850
0.80150
0.80250
0.80450
0.80600
0.80900
0.81450
0.81550
0.81650
0.81700
0.81950
0.82050
0.82700
0.82950
0.83250
0.83550
0.83950
0.84050
0.84100
0.84200
0.84300
0.84500
0.84950
0.85000
0.85050
0.85100
0.85200
0.85250
0.85400
0.85500
0.85900
0.85950
0.86050
0.86200
0.86300
0.86350
0.86500
0.86600
0.86800
0.87700
0.87800
0.88000
0.88150
0.88450
0.88800
0.89600
0.89700
0.89850
0.89900
0.90100
0.90250
0.90500
0.90550
0.90550
0.90600
0.90750
0.90850
0.90900
0.90950
0.91150
0.91300
0.91500
0.91600
0.91650
0.91800
0.91850
0.91900
0.91950
0.92050
0.92100
0.92150
0.92200
0.92300
0.92300
0.92350
0.92600
0.92750
0.92850
0.92950
0.93250
0.93300
0.93800
0.94100
0.94300
0.94350
0.94500
0.94700
0.95000
0.95150
0.95200
0.95600
0.96000
0.96150
0.96500
0.96700
0.96700
0.96900
0.97200
0.97200
0.97250
0.97400
0.97500
0.97600
0.97650
0.97700
0.97750
0.97850
0.97900
0.98150
0.98200
0.98250
0.98300
0.98450
0.98500
0.98550
0.98650
0.98750
0.98800
0.98900
0.98950
0.99050
0.99100
0.99150
0.99300
0.99350
0.99400
0.99500
0.99550
0.99650
0.99750
0.99850
1.00000
1.00050
1.00050
1.00150
1.00200
1.00250
1.00350
1.00450
1.00550
1.00600
1.00700
1.00850
1.01050
1.01150
1.01750
1.02100
1.02250
0.48950
0.49850
0.50150
0.50550
0.51050
0.52450
0.52550
0.53550
0.53800
0.53950
0.54450
0.54500
0.54650
0.54750
0.55150
0.55300
0.55350
0.55800
0.55850
0.55900
0.56050
0.56200
0.56250
0.56450
0.56850
0.57250
0.57350
0.57550
0.57650
0.57750
0.57850
0.57950
0.58050
0.58150
0.58450
0.58650
0.58800
0.58900
0.58950
0.59050
0.59600
0.59650
0.60050
0.60550
0.60850
0.60950
0.61650
0.61700
0.61850
0.61900
0.61950
0.62300
0.62450
0.63050
0.64250
0.64550
0.64600
0.64700
0.65000
0.65100
0.65350
0.65600
0.66350
0.66450
0.66500
0.66950
0.67100
0.67200
0.67250
0.67350
0.67400
0.67400
0.67450
0.67550
0.67700
0.67800
0.67850
0.68050
0.68150
0.68150
0.68250
0.68400
0.68550
0.68750
0.69150
0.69200
0.69250
0.69350
0.69400
0.69550
0.69550
0.69600
0.69700
0.69750
0.69800
0.69850
0.70000
0.70150
0.70200
0.70250
0.70550
0.70550
0.70750
0.70750
0.70850
0.70900
0.71000
0.71150
0.71200
0.71350
0.71400
0.71450
0.71500
0.71550
0.71750
0.72050
0.72400
0.72900
0.73100
0.73400
0.73450
0.73500
0.73600
0.73750
0.74200
0.74400
0.74500
0.74550
0.74600
0.74850
0.75100
0.75300
0.75850
0.75900
0.76450
0.76650
0.76800
0.77050
0.77850
0.78300
0.78400
0.78650
0.79050
0.79500
0.79550
0.79750
0.80000
0.80150
0.80200
0.80400
0.80600
0.80700
0.80900
0.80950
0.81300
0.81350
0.81450
0.81550
0.81700
0.81700
0.81800
0.81900
0.82400
0.83100
0.83900
0.84000
0.84650
0.85300
0.85550
0.85600
0.85750
0.85850
0.86000
0.86100
0.86200
0.86300
0.86300
0.86500
0.86650
0.87150
0.87250
0.87300
0.87400
0.87550
0.87550
0.87600
0.88300
0.89300
0.89550
0.89650
0.90400
0.90850
0.91600
0.91900
0.92000
0.92400
0.93050
0.93100
0.93150
0.93300
0.93500
0.93550
0.93550
0.93800
0.93850
0.94000
0.94050
0.94150
0.94200
0.94250
0.94350
0.94400
0.94550
0.94600
0.95000
0.95050
0.95150
0.95200
0.95300
0.95300
0.95350
0.95450
0.95600
0.95800
0.95900
0.95950
0.96050
0.96150
0.96250
0.97000
0.97100
0.97150
0.45200
0.45950
0.46250
0.46500
0.46650
0.47500
0.48450
0.48550
0.49000
0.49500
0.50150
0.50250
0.50350
0.50450
0.50550
0.50850
0.51050
0.51150
0.51250
0.51550
0.51650
0.51700
0.51850
0.51950
0.52150
0.52450
0.52550
0.52650
0.52950
0.53100
0.53300
0.53350
0.53450
0.53550
0.53750
0.54050
0.54750
0.54800
0.54850
0.54950
0.55050
0.55050
0.55150
0.55600
0.55700
0.55700
0.55850
0.55900
0.56250
0.56300
0.56350
0.56450
0.56500
0.56550
0.56700
0.56850
0.57500
0.57550
0.57650
0.57750
0.58100
0.58200
0.58450
0.58750
0.58800
0.58950
0.59000
0.59050
0.59450
0.59550
0.59600
0.59850
0.60050
0.60200
0.60500
0.60600
0.60700
0.60800
0.61100
0.61650
0.61850
0.62150
0.62200
0.62550
0.62600
0.62650
0.62650
0.62750
0.62800
0.62900
0.63000
0.63100
0.63150
0.63250
0.63300
0.63350
0.63400
0.63500
0.63550
0.63650
0.63700
0.63800
0.63850
0.63950
0.64100
0.64150
0.64250
0.64350
0.64400
0.64450
0.64450
0.64650
0.64700
0.64750
0.64800
0.64850
0.64850
0.64900
0.64950
0.65150
0.65350
0.65400
0.65500
0.65550
0.65550
0.65650
0.65650
0.65700
0.65750
0.65750
0.65850
0.65900
0.65950
0.66100
0.66200
0.66200
0.66250
0.66300
0.66350
0.66500
0.66550
0.66850
0.66900
0.66950
0.66950
0.67050
0.67200
0.67300
0.67350
0.67350
0.67750
0.67900
0.68500
0.68550
0.68650
0.68750
0.68800
0.68850
0.69050
0.69100
0.69150
0.69250
0.69350
0.69650
0.69850
0.70050
0.70100
0.70150
0.70250
0.70550
0.71100
0.71400
0.71550
0.71900
0.72000
0.72100
0.72200
0.72300
0.72950
0.73150
0.73300
0.73350
0.73550
0.74550
0.74800
0.74950
0.74950
0.75100
0.75250
0.75350
0.75400
0.75750
0.75750
0.75900
0.76100
0.76150
0.76200
0.76300
0.76450
0.76550
0.76750
0.76900
0.76950
0.77050
0.77100
0.77300
0.77450
0.77500
0.77650
0.77700
0.78100
0.78450
0.78500
0.79450
0.79500
0.79850
0.80500
0.80700
0.81050
0.81100
0.81150
0.81250
0.81350
0.81400
0.81500
0.81550
0.81600
0.81650
0.81650
0.81700
0.81700
0.81800
0.81850
0.82200
0.82300
0.82300
0.82350
0.82500
0.82700
0.82850
0.82900
0.82950
0.83050
0.83100
0.83150
0.83200
0.83250
0.83300
0.83400
0.83600
0.84050
0.84150
0.84200
0.84350
0.84400
0.84600
0.84650
0.84700
0.85000
0.85100
0.85150
0.85250
0.85550
0.85650
0.85700
0.86100
0.86250
0.86350
0.86900
0.87000
0.87100
0.87150
0.87450
0.87750
0.87900
0.88000
0.88200
0.88300
0.88400
0.88600
0.88700
0.88800
0.88900
0.89100
0.89150
0.89200
0.89250
0.89300
0.89350
0.89400
0.89450
0.89500
0.89700
0.89750
0.90000
0.90200
0.90250
0.90400
0.90500
0.90550
0.90600
0.90750
0.90800
0.90850
0.90900
0.91050
0.91050
0.91100
0.91150
0.91200
0.91300
0.91300
0.91400
0.91450
0.91650
0.91900
0.92400
0.93050
0.41250
0.42450
0.42850
0.43000
0.43300
0.43650
0.45550
0.45700
0.45850
0.46200
0.46450
0.47150
0.47300
0.47350
0.47400
0.47450
0.47650
0.47700
0.47950
0.48150
0.48350
0.48500
0.49050
0.49100
0.49150
0.49250
0.49500
0.49550
0.49700
0.50000
0.50350
0.50550
0.50750
0.50750
0.50850
0.51400
0.51950
0.52050
0.52300
0.52700
0.52850
0.53050
0.53050
0.53450
0.53650
0.53750
0.54150
0.54300
0.54500
0.55800
0.56100
0.56150
0.56350
0.56700
0.57150
0.57350
0.57400
0.57750
0.58050
0.58150
0.58300
0.58800
0.58850
0.58850
0.58850
0.58900
0.58950
0.58950
0.59050
0.59100
0.59250
0.59450
0.59600
0.59950
0.60050
0.60150
0.60200
0.60200
0.60250
0.60300
0.60400
0.60550
0.60550
0.60600
0.60650
0.60800
0.60850
0.60850
0.61150
0.61250
0.61300
0.61400
0.61450
0.61500
0.61750
0.61750
0.61800
0.61950
0.61950
0.62000
0.62100
0.62450
0.62500
0.62600
0.62650
0.62650
0.62850
0.63250
0.63300
0.63550
0.63800
0.63950
0.64050
0.64250
0.64350
0.64450
0.64750
0.64800
0.64850
0.65400
0.65450
0.65550
0.65650
0.65650
0.65950
0.66150
0.66200
0.66250
0.66300
0.66300
0.66600
0.66900
0.67200
0.67350
0.67400
0.67450
0.68050
0.68250
0.68700
0.68800
0.69900
0.70650
0.70950
0.70950
0.71000
0.71350
0.71550
0.71600
0.71750
0.71800
0.72150
0.72250
0.72300
0.72700
0.72750
0.72850
0.73100
0.73950
0.74650
0.74900
0.75450
0.76000
0.76650
0.76800
0.76950
0.77050
0.77050
0.77100
0.77150
0.77200
0.77350
0.77450
0.77500
0.77750
0.77850
0.78050
0.78150
0.78450
0.78550
0.78650
0.79000
0.79100
0.79450
0.79800
0.80100
0.80150
0.80350
0.80400
0.80500
0.81000
0.81700
0.82150
0.82400
0.82600
0.82700
0.82800
0.82850
0.83100
0.83650
0.83700
0.84000
0.84150
0.84200
0.84300
0.84450
0.84500
0.84600
0.84700
0.84900
0.85000
0.85050
0.85100
0.85300
0.85350
0.85650
0.85700
0.85700
0.85850
0.85900
0.86050
0.86100
0.86200
0.86250
0.86300
0.86500
0.86550
0.86600
0.86650
0.86900
0.87300
0.87400
0.87900
0.37750
0.38300
0.38950
0.39250
0.40200
0.41050
0.41450
0.41500
0.42150
0.42400
0.42450
0.43000
0.43050
0.43200
0.43400
0.43800
0.44000
0.44050
0.44100
0.44300
0.44400
0.44450
0.44600
0.44650
0.44700
0.45000
0.45500
0.45650
0.45750
0.45950
0.46250
0.46350
0.47050
0.47100
0.47200
0.47250
0.47300
0.47300
0.47500
0.47800
0.47900
0.48250
0.49100
0.49250
0.49750
0.49900
0.50400
0.50450
0.51250
0.51550
0.51950
0.52150
0.52200
0.52550
0.53000
0.53100
0.53450
0.53600
0.53700
0.53850
0.54150
0.54200
0.54300
0.54300
0.54350
0.54500
0.54550
0.54800
0.54800
0.54950
0.54950
0.55150
0.55250
0.55300
0.55300
0.55350
0.55750
0.56200
0.56250
0.56300
0.56300
0.56350
0.56400
0.56400
0.56500
0.56600
0.56650
0.56800
0.56800
0.57000
0.57200
0.57200
0.57250
0.57250
0.57250
0.57300
0.57450
0.57600
0.57750
0.58050
0.58250
0.58350
0.58450
0.58550
0.58550
0.58600
0.58750
0.59000
0.59000
0.59200
0.59300
0.59500
0.59550
0.59600
0.60000
0.60200
0.60400
0.60400
0.60600
0.60800
0.60950
0.61000
0.61000
0.61200
0.61500
0.61650
0.61750
0.61800
0.62100
0.62400
0.62400
0.62550
0.63300
0.63400
0.63450
0.63500
0.64400
0.64450
0.65000
0.65050
0.65500
0.66350
0.66450
0.66550
0.66750
0.66900
0.67000
0.67200
0.67350
0.67450
0.67500
0.67650
0.67750
0.67750
0.68450
0.68500
0.68650
0.69450
0.69650
0.70500
0.70700
0.71350
0.71650
0.72050
0.72100
0.72150
0.72300
0.72350
0.72450
0.72550
0.72700
0.72850
0.72900
0.73000
0.73050
0.73050
0.73350
0.73500
0.73700
0.73750
0.73800
0.74000
0.74150
0.74250
0.74500
0.74700
0.74750
0.75150
0.75350
0.75650
0.75800
0.76000
0.76950
0.77100
0.77450
0.77550
0.77600
0.78000
0.78050
0.78150
0.78250
0.78700
0.78900
0.79100
0.79200
0.79600
0.79650
0.79700
0.79750
0.79850
0.80000
0.80100
0.80150
0.80200
0.80300
0.80300
0.80450
0.80700
0.80750
0.80900
0.81000
0.81450
0.81600
0.81750
0.81800
0.81900
0.82000
0.82100
0.82150
0.82300
0.82500
0.82600
0.82900
0.83300
0.83650
0.34150
0.34650
0.34700
0.35250
0.35450
0.37400
0.38000
0.38400
0.38750
0.38800
0.38900
0.39050
0.39250
0.39650
0.39700
0.39900
0.39950
0.40150
0.40200
0.40500
0.40700
0.40800
0.40900
0.40950
0.41300
0.41350
0.41650
0.41750
0.41850
0.42000
0.42050
0.42250
0.42800
0.43250
0.43400
0.43650
0.43750
0.43950
0.44250
0.44650
0.44700
0.45000
0.45200
0.45300
0.45850
0.46000
0.46550
0.46700
0.47000
0.47350
0.47400
0.47800
0.48100
0.48350
0.48850
0.48900
0.49450
0.49850
0.50000
0.50000
0.50200
0.50400
0.50500
0.50500
0.50650
0.50650
0.50900
0.50950
0.50950
0.51100
0.51150
0.51300
0.51350
0.51450
0.51500
0.51550
0.51650
0.51700
0.51850
0.52100
0.52250
0.52300
0.52350
0.52500
0.52550
0.52600
0.52600
0.52650
0.52700
0.52750
0.52950
0.52950
0.53000
0.53000
0.53050
0.53050
0.53200
0.53250
0.53300
0.53500
0.53550
0.53750
0.53900
0.53950
0.54100
0.54150
0.54250
0.54550
0.54600
0.54750
0.54800
0.54850
0.55000
0.55050
0.55100
0.55150
0.55450
0.55700
0.55800
0.55850
0.55850
0.56050
0.56150
0.56300
0.56700
0.56800
0.56950
0.57200
0.57350
0.57500
0.57550
0.57700
0.58300
0.58350
0.58500
0.58600
0.58750
0.58800
0.59050
0.59100
0.59850
0.60500
0.60700
0.61600
0.62000
0.62150
0.62350
0.62500
0.62700
0.62750
0.62850
0.62900
0.62900
0.62950
0.63000
0.63000
0.63100
0.63400
0.63600
0.64000
0.64050
0.64100
0.64200
0.65000
0.65800
0.66200
0.66600
0.67050
0.67100
0.67300
0.67300
0.67600
0.67800
0.67950
0.68000
0.68100
0.68150
0.68250
0.68350
0.68450
0.68800
0.68950
0.69050
0.69150
0.69250
0.69350
0.69450
0.69650
0.69700
0.69700
0.69750
0.70050
0.71200
0.71250
0.71450
0.71450
0.72550
0.73550
0.73800
0.74050
0.74150
0.74250
0.74550
0.74650
0.74950
0.75100
0.75150
0.75350
0.75400
0.75600
0.75700
0.75850
0.75900
0.75950
0.76050
0.76150
0.76400
0.76500
0.76550
0.76550
0.77000
0.77200
0.77300
0.77400
0.77500
0.77650
0.77700
0.77750
0.78100
0.78300
0.78700
0.31550
0.32050
0.32250
0.33300
0.33350
0.34000
0.35100
0.35150
0.35500
0.35700
0.35800
0.35850
0.35900
0.35950
0.36250
0.36300
0.36550
0.36750
0.37050
0.37100
0.37250
0.37300
0.37500
0.37650
0.37700
0.37750
0.37850
0.38050
0.38300
0.38850
0.38950
0.39000
0.39300
0.39750
0.39950
0.40150
0.40350
0.40450
0.40850
0.41200
0.41250
0.41550
0.41600
0.41700
0.41750
0.42350
0.42750
0.42950
0.43150
0.43650
0.44000
0.44050
0.44400
0.44650
0.45150
0.45350
0.45650
0.45750
0.46000
0.46100
0.46250
0.46350
0.46400
0.46450
0.46700
0.46750
0.46750
0.46800
0.46900
0.47000
0.47000
0.47050
0.47550
0.47550
0.47600
0.47650
0.47850
0.47900
0.47900
0.48050
0.48100
0.48350
0.48400
0.48450
0.48500
0.48500
0.48750
0.48800
0.48850
0.48900
0.49050
0.49050
0.49050
0.49100
0.49200
0.49250
0.49450
0.49450
0.49750
0.49750
0.49950
0.50000
0.50100
0.50150
0.50550
0.50700
0.50950
0.51050
0.51050
0.51100
0.51150
0.51200
0.51450
0.51700
0.51800
0.51850
0.52000
0.52050
0.52250
0.52450
0.52600
0.52650
0.52650
0.52900
0.53200
0.53300
0.53900
0.54500
0.54650
0.54850
0.55300
0.55650
0.56200
0.56500
0.57050
0.57200
0.57900
0.57950
0.58150
0.58400
0.58400
0.58450
0.58500
0.58600
0.58700
0.58750
0.58900
0.58950
0.59050
0.59050
0.59700
0.59800
0.59850
0.59900
0.60600
0.61150
0.61850
0.62400
0.62700
0.62800
0.63000
0.63300
0.63350
0.63500
0.63650
0.63750
0.63850
0.63900
0.64200
0.64350
0.64400
0.64500
0.64800
0.64850
0.64900
0.64950
0.65150
0.65300
0.65400
0.65650
0.65750
0.65800
0.65950
0.66400
0.66450
0.66650
0.66700
0.67850
0.68150
0.68750
0.69250
0.69250
0.69300
0.69450
0.69550
0.69650
0.69650
0.69900
0.69950
0.70150
0.70450
0.70550
0.70550
0.70600
0.70650
0.70850
0.70950
0.70950
0.71050
0.71150
0.71250
0.71400
0.71450
0.71600
0.71700
0.71750
0.71850
0.71950
0.72000
0.72050
0.72150
0.72250
0.72300
0.72750
0.72800
0.72850
0.72950
0.73050
0.73200
0.73200
0.73550
0.73700
0.74150
0.74300
0.28100
0.28400
0.28850
0.29250
0.29900
0.31100
0.31250
0.31350
0.31600
0.31800
0.32250
0.32300
0.32400
0.32400
0.32500
0.32600
0.32750
0.32750
0.32950
0.33000
0.33100
0.33250
0.33500
0.33600
0.34150
0.34550
0.34600
0.34750
0.35050
0.35150
0.35300
0.35500
0.35850
0.36050
0.36200
0.36500
0.36550
0.36800
0.37000
0.37050
0.37300
0.37550
0.38200
0.39150
0.39200
0.39300
0.39400
0.39450
0.39750
0.40050
0.40100
0.40200
0.41200
0.41250
0.41550
0.41600
0.41700
0.42000
0.42100
0.42200
0.42200
0.42250
0.42300
0.42600
0.42750
0.42750
0.42800
0.42850
0.42850
0.42950
0.43000
0.43250
0.43300
0.43500
0.43600
0.43700
0.43750
0.43800
0.43850
0.43950
0.44050
0.44100
0.44200
0.44250
0.44250
0.44300
0.44350
0.44400
0.44550
0.44600
0.44800
0.44850
0.44850
0.44900
0.44950
0.45000
0.45350
0.45400
0.45500
0.45650
0.45650
0.45700
0.46200
0.46250
0.46350
0.46650
0.46800
0.46800
0.47000
0.47200
0.47250
0.47350
0.47500
0.47500
0.47700
0.47750
0.47800
0.47850
0.47900
0.47950
0.48100
0.48200
0.48300
0.48450
0.48500
0.48550
0.49000
0.49100
0.49600
0.49900
0.50100
0.50500
0.50650
0.50750
0.51050
0.51100
0.51450
0.52450
0.53100
0.53350
0.53650
0.53700
0.53750
0.54000
0.54050
0.54250
0.54300
0.54350
0.54600
0.54700
0.54750
0.54750
0.54950
0.55500
0.55700
0.56300
0.56350
0.56700
0.57800
0.57950
0.58250
0.58700
0.59100
0.59150
0.59300
0.59400
0.59600
0.59650
0.60050
0.60100
0.60150
0.60200
0.60500
0.60550
0.60650
0.60700
0.60900
0.61200
0.61300
0.61600
0.61800
0.61900
0.62000
0.62100
0.62350
0.62450
0.62900
0.63300
0.63900
0.64000
0.64400
0.64450
0.64550
0.64900
0.65150
0.65200
0.65250
0.65650
0.65800
0.65950
0.66150
0.66200
0.66400
0.66450
0.66550
0.66550
0.66600
0.66700
0.66750
0.66850
0.66950
0.67000
0.67200
0.67250
0.67300
0.67400
0.67550
0.67900
0.67950
0.68150
0.68350
0.68450
0.68450
0.68550
0.69150
0.69200
0.69500
0.69600
0.69650
0.25150
0.25350
0.25450
0.25700
0.25750
0.25900
0.27750
0.28400
0.28700
0.28750
0.28850
0.29000
0.29150
0.29300
0.29500
0.29550
0.29800
0.29850
0.29950
0.30000
0.30100
0.30300
0.30700
0.30750
0.30900
0.31000
0.31050
0.31200
0.31350
0.31450
0.31950
0.32150
0.32550
0.32600
0.32900
0.33050
0.33250
0.33400
0.33500
0.34650
0.34850
0.35050
0.35300
0.35700
0.35900
0.36000
0.36500
0.37000
0.37300
0.37350
0.37550
0.37650
0.37850
0.38000
0.38150
0.38550
0.38650
0.38650
0.38900
0.38950
0.39000
0.39100
0.39150
0.39150
0.39250
0.39350
0.39350
0.39400
0.39450
0.39600
0.39600
0.39900
0.39950
0.40350
0.40400
0.40450
0.40500
0.40550
0.40600
0.40750
0.40900
0.40950
0.41050
0.41100
0.41100
0.41200
0.41250
0.41300
0.41350
0.41450
0.41550
0.41600
0.41700
0.41750
0.41950
0.42200
0.42200
0.42250
0.42300
0.42550
0.42850
0.43150
0.43150
0.43250
0.43350
0.43450
0.43650
0.43750
0.43750
0.43800
0.43800
0.43850
0.44050
0.44100
0.44200
0.44200
0.44250
0.44300
0.44400
0.44550
0.44600
0.44700
0.45050
0.45600
0.45650
0.45800
0.46000
0.46050
0.46150
0.46550
0.46550
0.46600
0.47150
0.48100
0.48550
0.48600
0.48950
0.49200
0.49600
0.49800
0.49850
0.50200
0.50250
0.50500
0.50600
0.50650
0.50700
0.50900
0.51150
0.51200
0.51500
0.51600
0.51850
0.52050
0.52600
0.52800
0.54200
0.54250
0.54450
0.54800
0.54850
0.55100
0.55200
0.55250
0.55300
0.55550
0.55600
0.55650
0.55800
0.55900
0.55950
0.56000
0.56050
0.56200
0.56300
0.56400
0.56400
0.56450
0.56750
0.56900
0.57050
0.57050
0.57250
0.57300
0.57600
0.58000
0.58000
0.58150
0.58200
0.59200
0.59500
0.59600
0.59700
0.60200
0.60500
0.60800
0.60800
0.60900
0.60950
0.61200
0.61250
0.61350
0.61350
0.61500
0.61800
0.62000
0.62050
0.62150
0.62200
0.62350
0.62500
0.62650
0.62750
0.63000
0.63100
0.63200
0.63350
0.63450
0.63500
0.63800
0.63900
0.63950
0.64000
0.64200
0.64350
0.64500
0.64550
0.64750
0.65050
0.65150
0.65250
0.21800
0.22100
0.22300
0.22600
0.23650
0.23900
0.24900
0.25100
0.25200
0.25450
0.25700
0.25750
0.25800
0.26050
0.26200
0.26350
0.26700
0.26900
0.26950
0.27050
0.27150
0.27200
0.27300
0.27400
0.27700
0.27800
0.28000
0.28100
0.28150
0.28200
0.28650
0.29000
0.29050
0.29300
0.29600
0.29700
0.29900
0.30250
0.30800
0.31200
0.31300
0.31500
0.31900
0.32050
0.32100
0.32300
0.32400
0.32600
0.33050
0.33600
0.33700
0.33950
0.34250
0.34300
0.34500
0.34700
0.34900
0.34950
0.35050
0.35200
0.35250
0.35500
0.35550
0.35550
0.35600
0.35650
0.35700
0.35800
0.35850
0.35900
0.35950
0.36150
0.36200
0.36250
0.36300
0.36400
0.36600
0.36650
0.36700
0.36750
0.36800
0.36850
0.36900
0.36950
0.37150
0.37200
0.37250
0.37400
0.37500
0.37550
0.37700
0.37750
0.37800
0.37900
0.38050
0.38100
0.38350
0.38500
0.38700
0.38700
0.38750
0.38800
0.38950
0.39250
0.39300
0.39350
0.39450
0.39650
0.39650
0.39750
0.39850
0.40000
0.40050
0.40050
0.40050
0.40250
0.40300
0.40350
0.40400
0.40400
0.40450
0.40550
0.40550
0.40650
0.40700
0.40850
0.40900
0.40950
0.41650
0.41800
0.41850
0.41900
0.42000
0.42400
0.42500
0.42650
0.42850
0.43150
0.43800
0.44450
0.44750
0.45250
0.45450
0.45600
0.45800
0.45850
0.45950
0.46150
0.46250
0.46500
0.46550
0.46650
0.46750
0.47050
0.47050
0.47150
0.47500
0.47900
0.48650
0.49500
0.49900
0.50000
0.50050
0.50300
0.50550
0.50600
0.50600
0.50700
0.50800
0.50850
0.50900
0.51050
0.51100
0.51150
0.51250
0.51350
0.51550
0.51800
0.51900
0.52000
0.52050
0.52150
0.52250
0.52300
0.52550
0.52650
0.52900
0.52900
0.53150
0.53200
0.53250
0.53350
0.53650
0.53900
0.54000
0.54250
0.54750
0.55300
0.55600
0.55700
0.55950
0.56100
0.56100
0.56200
0.56250
0.56500
0.56550
0.56700
0.56950
0.57000
0.57050
0.57100
0.57150
0.57300
0.57350
0.57400
0.57750
0.57850
0.57900
0.57950
0.58050
0.58350
0.58450
0.58600
0.58750
0.58800
0.58850
0.58950
0.59000
0.59050
0.59100
0.59150
0.59300
0.59650
0.59650
0.59800
0.59850
0.59950
0.60000
0.60300
0.60950
0.19100
0.19500
0.19600
0.19800
0.20250
0.21600
0.22150
0.22250
0.22500
0.22700
0.22750
0.22900
0.22950
0.23100
0.23400
0.23600
0.23650
0.23700
0.24000
0.24100
0.24250
0.24450
0.24500
0.24550
0.24900
0.25100
0.25150
0.25200
0.25400
0.25600
0.25900
0.26050
0.26350
0.26400
0.27250
0.27500
0.28450
0.28450
0.28850
0.29050
0.29500
0.29650
0.29900
0.30050
0.30400
0.30450
0.30500
0.31200
0.31300
0.31400
0.31500
0.31500
0.31500
0.31700
0.31800
0.31900
0.32000
0.32050
0.32050
0.32200
0.32300
0.32350
0.32500
0.32600
0.32600
0.32650
0.32700
0.32750
0.32850
0.32850
0.32950
0.33050
0.33150
0.33200
0.33250
0.33300
0.33300
0.33350
0.33400
0.33550
0.33550
0.33600
0.33650
0.33650
0.33750
0.33900
0.33950
0.34000
0.34100
0.34300
0.34350
0.34400
0.34450
0.34500
0.34550
0.34650
0.34700
0.34850
0.34900
0.35150
0.35250
0.35300
0.35350
0.35600
0.35750
0.35800
0.35850
0.35900
0.36050
0.36100
0.36250
0.36350
0.36400
0.36400
0.36450
0.36500
0.36550
0.36650
0.36800
0.36850
0.36850
0.36900
0.36950
0.37200
0.37250
0.37350
0.37400
0.37450
0.37600
0.37800
0.38450
0.38550
0.38850
0.38900
0.38950
0.39000
0.39100
0.39450
0.39750
0.39950
0.40800
0.41000
0.41100
0.42100
0.42100
0.42300
0.42450
0.42450
0.42550
0.42750
0.42800
0.42850
0.42900
0.42950
0.43000
0.43250
0.43300
0.43550
0.43650
0.43800
0.43850
0.44600
0.44800
0.45150
0.45200
0.45700
0.45800
0.46000
0.46300
0.46450
0.46650
0.46750
0.46950
0.47100
0.47250
0.47550
0.47600
0.47700
0.48050
0.48100
0.48250
0.48450
0.48650
0.48650
0.48800
0.49150
0.49200
0.49350
0.49450
0.49500
0.50050
0.51150
0.51200
0.51250
0.51600
0.51600
0.51900
0.51950
0.52100
0.52250
0.52350
0.52400
0.52600
0.52700
0.52900
0.52950
0.53250
0.53300
0.53350
0.53400
0.53650
0.53700
0.53900
0.54000
0.54050
0.54300
0.54350
0.54450
0.54550
0.54600
0.54800
0.54900
0.55300
0.55400
0.55450
0.55500
0.55550
0.55650
0.55750
0.55850
0.56000
0.56500
0.16450
0.16700
0.16750
0.17000
0.17350
0.17750
0.18950
0.19300
0.19450
0.19600
0.19700
0.19900
0.20050
0.20150
0.20300
0.20450
0.20550
0.20750
0.20800
0.21050
0.21100
0.21150
0.21400
0.21550
0.21650
0.21800
0.21850
0.21950
0.22250
0.22400
0.22900
0.22950
0.23100
0.23150
0.23350
0.23650
0.24500
0.24750
0.25600
0.25750
0.25900
0.25950
0.26400
0.26450
0.26500
0.26850
0.27150
0.27200
0.27300
0.28100
0.28250
0.28350
0.28400
0.28450
0.28500
0.28600
0.28800
0.28900
0.28950
0.28950
0.29000
0.29050
0.29150
0.29250
0.29250
0.29300
0.29500
0.29550
0.29600
0.29650
0.29700
0.29700
0.29800
0.29800
0.29850
0.29850
0.29900
0.30000
0.30100
0.30100
0.30200
0.30250
0.30350
0.30350
0.30400
0.30450
0.30500
0.30550
0.30650
0.30700
0.30750
0.30750
0.30850
0.30900
0.31400
0.31550
0.31600
0.31700
0.31750
0.31850
0.31950
0.32000
0.32050
0.32150
0.32250
0.32300
0.32350
0.32600
0.32650
0.32650
0.32650
0.32700
0.32750
0.32800
0.32850
0.32850
0.32900
0.33050
0.33150
0.33300
0.33600
0.33750
0.33800
0.33850
0.33900
0.33900
0.34350
0.34500
0.34800
0.35050
0.35150
0.35500
0.35750
0.36050
0.36100
0.37100
0.37450
0.37600
0.37700
0.37900
0.37900
0.38050
0.38400
0.38600
0.38650
0.38750
0.38950
0.39000
0.39050
0.39150
0.39150
0.39400
0.39500
0.39550
0.39900
0.39950
0.40000
0.40150
0.42100
0.42200
0.42300
0.42550
0.42650
0.42750
0.42850
0.43100
0.43400
0.43400
0.43500
0.43600
0.43750
0.43800
0.43900
0.44150
0.44350
0.44500
0.44600
0.45400
0.45700
0.45850
0.47250
0.47700
0.48000
0.48050
0.48150
0.48400
0.48450
0.48550
0.48600
0.48700
0.48800
0.48900
0.48950
0.49000
0.49100
0.49150
0.49250
0.49450
0.49550
0.49600
0.49650
0.49700
0.49750
0.49900
0.50050
0.50100
0.50200
0.50400
0.50600
0.50700
0.50850
0.50900
0.50950
0.51050
0.51250
0.51350
0.51450
0.51600
0.51650
0.52500
0.52750
0.12050
0.12400
0.12550
0.12650
0.12700
0.13050
0.13750
0.14200
0.14500
0.14600
0.14650
0.14700
0.14800
0.14850
0.14900
0.15050
0.15150
0.15250
0.15500
0.15600
0.15650
0.15900
0.16100
0.16300
0.16400
0.16500
0.16750
0.16950
0.16950
0.17200
0.17250
0.17400
0.17500
0.17600
0.17700
0.17800
0.18050
0.18150
0.19400
0.19800
0.20200
0.20350
0.20600
0.21100
0.21200
0.21300
0.21400
0.21500
0.21600
0.21800
0.22200
0.22300
0.22450
0.22450
0.22450
0.22550
0.22600
0.22600
0.22650
0.22700
0.22750
0.22800
0.22900
0.23000
0.23050
0.23050
0.23100
0.23150
0.23250
0.23500
0.23550
0.23600
0.23650
0.23700
0.23750
0.23900
0.24000
0.24050
0.24050
0.24100
0.24150
0.24200
0.24300
0.24350
0.24350
0.24400
0.24550
0.24650
0.24900
0.25000
0.25000
0.25100
0.25400
0.25450
0.25500
0.25550
0.25550
0.25600
0.25650
0.25700
0.25750
0.25800
0.25850
0.25900
0.26050
0.26050
0.26150
0.26250
0.26400
0.26400
0.26600
0.26650
0.26800
0.26850
0.26950
0.27000
0.27200
0.27300
0.27350
0.27550
0.27650
0.27750
0.27900
0.28200
0.28300
0.28500
0.28850
0.28950
0.29050
0.30000
0.30100
0.30200
0.30600
0.30700
0.31000
0.31300
0.31400
0.31500
0.31550
0.31700
0.31900
0.31950
0.31950
0.32100
0.32100
0.32400
0.32500
0.32600
0.32700
0.33050
0.33950
0.34050
0.34550
0.34700
0.34950
0.35350
0.35550
0.35850
0.36150
0.36200
0.36300
0.36450
0.36500
0.36600
0.36700
0.36850
0.36900
0.36950
0.37000
0.37200
0.37250
0.37250
0.37550
0.37700
0.37750
0.38050
0.39200
0.39400
0.39550
0.39850
0.39950
0.39950
0.40000
0.40100
0.40150
0.40250
0.40350
0.40700
0.40850
0.41000
0.41050
0.41150
0.41250
0.41300
0.41350
0.41450
0.41500
0.41550
0.41700
0.41850
0.41900
0.42050
0.42100
0.42200
0.42300
0.42350
0.42450
0.42850
0.42900
0.42950
0.43250
0.43400
0.43450
0.43500
0.43550
0.43650
0.43750
0.43950
0.44150
0.10200
0.10450
0.10550
0.10800
0.10850
0.10900
0.11650
0.11800
0.12000
0.12300
0.12400
0.12450
0.12500
0.12650
0.12700
0.12900
0.13000
0.13100
0.13250
0.13550
0.13600
0.13650
0.13800
0.14000
0.14150
0.14350
0.14400
0.14650
0.14700
0.14750
0.14850
0.14900
0.15000
0.15150
0.15200
0.15400
0.17750
0.17850
0.18050
0.18150
0.18250
0.18400
0.18450
0.18700
0.18850
0.19000
0.19100
0.19150
0.19250
0.19500
0.19600
0.19600
0.19700
0.19750
0.19800
0.19800
0.19850
0.19900
0.19950
0.19950
0.20000
0.20200
0.20200
0.20250
0.20300
0.20350
0.20350
0.20400
0.20400
0.20500
0.20500
0.20550
0.20650
0.20700
0.20850
0.20850
0.20900
0.20950
0.21050
0.21200
0.21200
0.21250
0.21350
0.21400
0.21450
0.21500
0.21500
0.21850
0.21900
0.21950
0.22000
0.22100
0.22100
0.22100
0.22150
0.22250
0.22300
0.22350
0.22400
0.22500
0.22550
0.22550
0.22600
0.22650
0.22800
0.22900
0.23000
0.23000
0.23050
0.23350
0.23550
0.23700
0.23750
0.23800
0.23850
0.24050
0.24150
0.24200
0.24300
0.24350
0.24400
0.24400
0.24450
0.24500
0.24600
0.25150
0.25300
0.25650
0.25750
0.26250
0.26750
0.27000
0.27150
0.27850
0.27950
0.28000
0.28200
0.28200
0.28250
0.28350
0.28400
0.28550
0.28700
0.28750
0.28750
0.28800
0.28850
0.28950
0.29350
0.29400
0.30350
0.30400
0.30550
0.30850
0.31750
0.31850
0.31950
0.32050
0.32100
0.32150
0.32200
0.32500
0.32750
0.32800
0.32900
0.32950
0.33050
0.33150
0.33200
0.33250
0.33400
0.33600
0.33650
0.33800
0.33850
0.34100
0.34150
0.34550
0.34750
0.34800
0.35300
0.35700
0.36050
0.36300
0.36350
0.36400
0.36450
0.36550
0.36600
0.36650
0.37100
0.37150
0.37200
0.37250
0.37300
0.37450
0.37500
0.37550
0.37600
0.37650
0.37750
0.37850
0.37900
0.37950
0.38250
0.38300
0.38350
0.38450
0.38550
0.38700
0.38900
0.39100
0.39150
0.39300
0.39350
0.39400
0.39600
0.39700
0.40050
0.40250
0.40300
0.40350
0.08500
0.08900
0.08950
0.09000
0.09150
0.09500
0.09750
0.09850
0.10100
0.10150
0.10250
0.10350
0.10400
0.10450
0.10700
0.10800
0.10900
0.11150
0.11200
0.11250
0.11400
0.11450
0.11600
0.11700
0.11750
0.11850
0.11950
0.12150
0.12250
0.12300
0.12350
0.12400
0.12450
0.12700
0.12750
0.12800
0.13350
0.13550
0.15400
0.15800
0.16000
0.16100
0.16300
0.16400
0.16400
0.16500
0.16600
0.16650
0.16650
0.16700
0.16750
0.16950
0.16950
0.17150
0.17200
0.17250
0.17250
0.17350
0.17400
0.17400
0.17500
0.17500
0.17600
0.17650
0.17700
0.17700
0.17750
0.17800
0.17850
0.17950
0.17950
0.18000
0.18050
0.18100
0.18100
0.18150
0.18150
0.18200
0.18300
0.18400
0.18400
0.18450
0.18450
0.18500
0.18500
0.18550
0.18700
0.18900
0.19000
0.19050
0.19050
0.19150
0.19300
0.19350
0.19400
0.19450
0.19450
0.19600
0.19600
0.19650
0.19700
0.19750
0.19900
0.19900
0.20000
0.20050
0.20100
0.20200
0.20400
0.20500
0.20600
0.20650
0.20700
0.20700
0.20750
0.20800
0.21000
0.21000
0.21200
0.21200
0.21400
0.21450
0.21600
0.21700
0.21750
0.21850
0.21900
0.22100
0.22300
0.22350
0.22750
0.23200
0.23250
0.23650
0.23750
0.24350
0.24400
0.24450
0.24600
0.24700
0.24900
0.24950
0.25100
0.25150
0.25300
0.25300
0.25450
0.25500
0.25600
0.25650
0.25650
0.25700
0.25700
0.25800
0.26100
0.26150
0.26200
0.27350
0.27450
0.27600
0.28100
0.28250
0.28400
0.28550
0.28600
0.28750
0.29050
0.29100
0.29150
0.29300
0.29400
0.29450
0.29500
0.29550
0.29600
0.29800
0.29850
0.29900
0.30100
0.30250
0.30600
0.30750
0.31700
0.32150
0.32350
0.32750
0.32800
0.32900
0.33000
0.33050
0.33400
0.33550
0.33600
0.33800
0.33900
0.33950
0.34100
0.34350
0.34400
0.34450
0.34600
0.34700
0.34800
0.34850
0.35150
0.35200
0.35250
0.35450
0.35650
0.35750
0.35800
0.35950
0.36100
0.36150
0.36200
0.36700
0.06950
0.07150
0.07250
0.07350
0.07400
0.07600
0.08050
0.08350
0.08400
0.08450
0.08500
0.08550
0.08650
0.08700
0.08900
0.08950
0.09000
0.09150
0.09300
0.09450
0.09500
0.09750
0.09800
0.09850
0.09950
0.10200
0.10250
0.10300
0.10350
0.10400
0.10650
0.10750
0.11600
0.11850
0.13150
0.13650
0.13800
0.13950
0.14100
0.14100
0.14150
0.14250
0.14350
0.14450
0.14500
0.14550
0.14550
0.14550
0.14650
0.14650
0.14750
0.14800
0.14800
0.14900
0.14900
0.14950
0.15000
0.15050
0.15100
0.15200
0.15200
0.15200
0.15300
0.15350
0.15400
0.15450
0.15500
0.15600
0.15650
0.15650
0.15700
0.15700
0.15750
0.15800
0.15800
0.15850
0.15850
0.15850
0.16000
0.16050
0.16050
0.16100
0.16200
0.16450
0.16650
0.16700
0.16700
0.16750
0.16750
0.16850
0.16900
0.16900
0.17000
0.17000
0.17050
0.17150
0.17150
0.17150
0.17400
0.17450
0.17450
0.17600
0.17800
0.17850
0.17900
0.18000
0.18000
0.18100
0.18250
0.18400
0.18450
0.18600
0.18650
0.18750
0.18900
0.19000
0.19050
0.19100
0.19200
0.19200
0.19250
0.19300
0.19450
0.19450
0.19600
0.19750
0.19950
0.20150
0.20400
0.20750
0.21200
0.21550
0.21700
0.21800
0.21800
0.22050
0.22300
0.22550
0.22600
0.22800
0.22850
0.23050
0.23100
0.23200
0.23250
0.24250
0.24650
0.24800
0.24950
0.25050
0.25400
0.25500
0.25600
0.25650
0.25750
0.26000
0.26050
0.26100
0.26150
0.26200
0.26300
0.26500
0.26550
0.26600
0.26650
0.26700
0.26750
0.26800
0.26800
0.26850
0.26900
0.26950
0.27200
0.27400
0.27450
0.27550
0.27800
0.27950
0.28300
0.28350
0.28550
0.28650
0.28750
0.29350
0.29400
0.29550
0.29650
0.29650
0.29700
0.29750
0.29900
0.29950
0.30050
0.30100
0.30300
0.30350
0.30550
0.30600
0.30650
0.30750
0.30800
0.30850
0.30900
0.31250
0.31300
0.31350
0.31450
0.31500
0.31700
0.31850
0.31900
0.32050
0.32200
0.32300
0.32400
0.32550
0.32600
0.32650
0.33050
0.05650
0.05750
0.06050
0.06100
0.06450
0.06700
0.06800
0.06850
0.06900
0.06950
0.07000
0.07050
0.07350
0.07400
0.07450
0.07500
0.07650
0.07750
0.07800
0.07900
0.08000
0.08050
0.08200
0.08250
0.08400
0.08500
0.08550
0.08800
0.08950
0.09450
0.10250
0.11300
0.11450
0.11500
0.11550
0.11850
0.11900
0.11900
0.11950
0.11950
0.12000
0.12050
0.12250
0.12300
0.12350
0.12450
0.12450
0.12500
0.12550
0.12550
0.12600
0.12600
0.12700
0.12850
0.12850
0.12900
0.12950
0.13050
0.13100
0.13150
0.13150
0.13200
0.13250
0.13250
0.13300
0.13350
0.13400
0.13450
0.13450
0.13500
0.13500
0.13550
0.13550
0.13600
0.13700
0.13700
0.13850
0.13850
0.13950
0.14000
0.14100
0.14150
0.14200
0.14250
0.14250
0.14300
0.14400
0.14400
0.14450
0.14500
0.14550
0.14600
0.14650
0.14700
0.14700
0.14850
0.15000
0.15200
0.15200
0.15250
0.15350
0.15450
0.15450
0.15550
0.15550
0.15600
0.15650
0.15750
0.15850
0.15850
0.15950
0.16050
0.16150
0.16250
0.16300
0.16400
0.16500
0.16550
0.16550
0.16650
0.16800
0.16900
0.17050
0.17250
0.17250
0.17350
0.17650
0.17750
0.17800
0.18200
0.18400
0.18550
0.18650
0.19000
0.19350
0.19550
0.19550
0.19650
0.19700
0.19750
0.19850
0.20050
0.20100
0.20250
0.20350
0.20400
0.20500
0.21150
0.21850
0.22100
0.22400
0.22450
0.22500
0.22650
0.22700
0.22750
0.22850
0.23150
0.23250
0.23350
0.23450
0.23450
0.23450
0.23500
0.23600
0.23650
0.23650
0.23700
0.23800
0.23950
0.24100
0.24200
0.25000
0.25100
0.25350
0.25450
0.25750
0.25950
0.26000
0.26000
0.26050
0.26100
0.26250
0.26300
0.26350
0.26400
0.26500
0.26550
0.26600
0.26600
0.26650
0.26750
0.26900
0.27000
0.27150
0.27200
0.27400
0.27450
0.27550
0.27600
0.27700
0.27850
0.27950
0.28050
0.28300
0.28350
0.28400
0.28600
0.28650
0.28950
0.29000
0.29050
0.29200
0.29350
0.29450
0.04700
0.04700
0.04750
0.04950
0.05000
0.05250
0.05350
0.05400
0.05450
0.05500
0.05550
0.05600
0.05650
0.05700
0.05750
0.05900
0.06150
0.06200
0.06250
0.06350
0.06450
0.06650
0.06700
0.06850
0.06950
0.07000
0.07100
0.07200
0.07200
0.07350
0.07700
0.08850
0.09200
0.09650
0.09800
0.10150
0.10150
0.10150
0.10200
0.10350
0.10350
0.10400
0.10400
0.10450
0.10500
0.10500
0.10500
0.10550
0.10600
0.10650
0.10750
0.10800
0.10850
0.11000
0.11000
0.11050
0.11150
0.11200
0.11200
0.11250
0.11250
0.11300
0.11300
0.11350
0.11350
0.11400
0.11450
0.11500
0.11550
0.11550
0.11600
0.11600
0.11650
0.11800
0.11800
0.11900
0.11900
0.11950
0.11950
0.12050
0.12050
0.12100
0.12300
0.12400
0.12400
0.12550
0.12550
0.12600
0.12650
0.12700
0.12900
0.12950
0.12950
0.13000
0.13150
0.13200
0.13250
0.13350
0.13400
0.13450
0.13500
0.13550
0.13600
0.13650
0.13750
0.13800
0.13800
0.13900
0.14050
0.14100
0.14350
0.14450
0.14550
0.14600
0.14700
0.14700
0.14800
0.14800
0.15000
0.15100
0.15150
0.15350
0.16050
0.16350
0.16400
0.16400
0.16450
0.16650
0.16850
0.16850
0.17000
0.17100
0.17400
0.17450
0.17500
0.17550
0.17750
0.17800
0.18750
0.19150
0.19200
0.19400
0.19750
0.19800
0.19850
0.19900
0.20100
0.20150
0.20200
0.20250
0.20300
0.20350
0.20450
0.20500
0.20550
0.20600
0.20650
0.20700
0.20750
0.20800
0.20850
0.21000
0.21150
0.21200
0.21200
0.21300
0.21450
0.21750
0.22100
0.22250
0.22450
0.22750
0.22800
0.22900
0.22950
0.23000
0.23050
0.23300
0.23350
0.23400
0.23450
0.23450
0.23550
0.23600
0.23600
0.23750
0.23800
0.23850
0.23950
0.23950
0.24050
0.24150
0.24200
0.24250
0.24300
0.24500
0.24550
0.24700
0.25200
0.25400
0.25450
0.25500
0.25600
0.25650
0.25700
0.25850
0.26050
0.26050
0.26100
0.26200
0.03450
0.03550
0.03800
0.03850
0.03900
0.04050
0.04150
0.04200
0.04300
0.04300
0.04350
0.04500
0.04550
0.04600
0.04700
0.04800
0.04850
0.04950
0.05050
0.05150
0.05300
0.05400
0.05450
0.05550
0.05600
0.05750
0.05850
0.06950
0.07450
0.07650
0.07800
0.08100
0.08150
0.08200
0.08400
0.08450
0.08550
0.08600
0.08600
0.08700
0.08750
0.08800
0.08850
0.08850
0.08900
0.08950
0.09000
0.09000
0.09050
0.09050
0.09150
0.09200
0.09250
0.09250
0.09300
0.09300
0.09350
0.09350
0.09400
0.09450
0.09500
0.09550
0.09600
0.09650
0.09800
0.09800
0.09850
0.09900
0.09950
0.09950
0.10000
0.10000
0.10050
0.10050
0.10100
0.10150
0.10200
0.10200
0.10250
0.10250
0.10400
0.10450
0.10500
0.10550
0.10700
0.10700
0.10750
0.10950
0.11050
0.11100
0.11250
0.11400
0.11450
0.11550
0.11600
0.11650
0.11650
0.11700
0.11800
0.11850
0.11900
0.12100
0.12300
0.12300
0.12350
0.12400
0.12550
0.12700
0.12750
0.12800
0.13000
0.13050
0.13100
0.13200
0.13600
0.13700
0.13900
0.14150
0.14400
0.14500
0.14650
0.14700
0.14800
0.15100
0.15200
0.15250
0.15400
0.15450
0.15500
0.15600
0.16250
0.16450
0.16650
0.16700
0.16900
0.17100
0.17300
0.17350
0.17400
0.17600
0.17650
0.17700
0.17750
0.17900
0.17950
0.17950
0.18100
0.18150
0.18200
0.18250
0.18300
0.18350
0.18450
0.18450
0.18500
0.18550
0.18700
0.18750
0.19000
0.19050
0.19300
0.19350
0.19350
0.19500
0.19500
0.19850
0.19900
0.20050
0.20200
0.20250
0.20350
0.20450
0.20550
0.20550
0.20750
0.20800
0.20850
0.21050
0.21050
0.21050
0.21100
0.21150
0.21200
0.21250
0.21300
0.21400
0.21450
0.21700
0.21750
0.21800
0.21950
0.22100
0.22250
0.22300
0.22550
0.22600
0.22900
0.22950
0.22950
0.23000
0.23100
0.23200
0.02750
0.02800
0.02950
0.03000
0.03025
0.03100
0.03250
0.03300
0.03350
0.03400
0.03500
0.03600
0.03650
0.03700
0.03750
0.03850
0.03900
0.04000
0.04050
0.04100
0.04250
0.04300
0.04350
0.04450
0.04500
0.04550
0.04600
0.04650
0.05700
0.05750
0.06200
0.06300
0.06400
0.06750
0.06750
0.06900
0.06900
0.07050
0.07100
0.07150
0.07150
0.07250
0.07350
0.07450
0.07450
0.07500
0.07550
0.07550
0.07600
0.07650
0.07650
0.07700
0.07750
0.07750
0.07750
0.07900
0.07950
0.07950
0.07950
0.08000
0.08000
0.08050
0.08050
0.08150
0.08200
0.08250
0.08300
0.08350
0.08350
0.08400
0.08450
0.08450
0.08500
0.08600
0.08600
0.08700
0.08750
0.08750
0.08900
0.09000
0.09050
0.09150
0.09200
0.09300
0.09300
0.09350
0.09350
0.09400
0.09400
0.09450
0.09450
0.09600
0.09600
0.09650
0.09700
0.09750
0.09750
0.09900
0.09900
0.10000
0.10050
0.10100
0.10150
0.10200
0.10250
0.10250
0.10450
0.10600
0.10650
0.10750
0.10750
0.10800
0.10850
0.10950
0.11100
0.11200
0.11350
0.11500
0.11550
0.11700
0.11750
0.11850
0.11900
0.12050
0.12850
0.12900
0.12950
0.13000
0.13050
0.13200
0.13250
0.13300
0.14000
0.14200
0.14550
0.14700
0.14800
0.14950
0.15000
0.15050
0.15100
0.15150
0.15250
0.15300
0.15350
0.15500
0.15550
0.15600
0.15600
0.15700
0.15900
0.15950
0.16000
0.16100
0.16100
0.16250
0.16300
0.16450
0.16600
0.16650
0.16700
0.16700
0.17000
0.17050
0.17150
0.17350
0.17350
0.17450
0.17600
0.17650
0.17750
0.17750
0.17800
0.17850
0.17900
0.17950
0.18100
0.18100
0.18150
0.18200
0.18300
0.18350
0.18450
0.18500
0.18550
0.18600
0.18650
0.18700
0.18800
0.18850
0.18950
0.19400
0.19550
0.19750
0.19800
0.19850
0.19900
0.20100
0.20350
0.20400
0.02100
0.02150
0.02200
0.02350
0.02350
0.02425
0.02475
0.02550
0.02600
0.02675
0.02725
0.02750
0.02775
0.02850
0.02900
0.03000
0.03075
0.03100
0.03150
0.03200
0.03250
0.03300
0.03350
0.03500
0.03550
0.03600
0.03700
0.04400
0.04600
0.04750
0.05050
0.05100
0.05150
0.05300
0.05350
0.05500
0.05550
0.05550
0.05600
0.05750
0.05850
0.05900
0.05950
0.06000
0.06050
0.06050
0.06100
0.06100
0.06150
0.06200
0.06200
0.06200
0.06200
0.06250
0.06250
0.06300
0.06350
0.06350
0.06350
0.06400
0.06400
0.06450
0.06450
0.06550
0.06550
0.06600
0.06650
0.06650
0.06700
0.06750
0.06750
0.06850
0.06900
0.06900
0.06950
0.07000
0.07050
0.07050
0.07100
0.07150
0.07200
0.07250
0.07350
0.07400
0.07450
0.07500
0.07550
0.07600
0.07650
0.07650
0.07750
0.07850
0.07950
0.08050
0.08050
0.08100
0.08200
0.08350
0.08350
0.08400
0.08450
0.08550
0.08700
0.08750
0.09050
0.09100
0.09150
0.09200
0.09250
0.09350
0.09400
0.09450
0.09450
0.09700
0.09750
0.09800
0.10050
0.10100
0.10200
0.10700
0.10850
0.11000
0.11050
0.11100
0.11100
0.11150
0.11300
0.11450
0.11500
0.12150
0.12400
0.12450
0.12550
0.12600
0.12750
0.12850
0.12900
0.12950
0.13000
0.13000
0.13050
0.13050
0.13150
0.13200
0.13250
0.13350
0.13550
0.13550
0.13650
0.13700
0.13800
0.13900
0.13950
0.14050
0.14200
0.14300
0.14600
0.14650
0.14750
0.14850
0.15050
0.15100
0.15150
0.15200
0.15300
0.15400
0.15400
0.15650
0.15700
0.15750
0.15750
0.15800
0.15850
0.15900
0.16000
0.16050
0.16100
0.16200
0.16250
0.16350
0.16450
0.16500
0.16600
0.16700
0.16750
0.17050
0.17200
0.17200
0.17250
0.17350
0.17400
0.17500
0.17550
0.17650
0.01600
0.01650
0.01675
0.01725
0.01800
0.01825
0.01850
0.01875
0.01950
0.01975
0.02025
0.02175
0.02200
0.02225
0.02250
0.02275
0.02300
0.02350
0.02375
0.02400
0.02425
0.02500
0.02525
0.02550
0.02600
0.02625
0.02675
0.02700
0.02825
0.02900
0.03100
0.03450
0.03750
0.03900
0.04100
0.04200
0.04200
0.04300
0.04400
0.04450
0.04600
0.04650
0.04700
0.04700
0.04750
0.04800
0.04800
0.04850
0.04900
0.04900
0.04950
0.04950
0.05000
0.05050
0.05150
0.05150
0.05200
0.05250
0.05250
0.05300
0.05350
0.05350
0.05400
0.05450
0.05450
0.05500
0.05550
0.05550
0.05600
0.05600
0.05650
0.05750
0.05750
0.05800
0.05900
0.05950
0.05950
0.06000
0.06050
0.06100
0.06150
0.06150
0.06200
0.06250
0.06250
0.06450
0.06500
0.06550
0.06550
0.06600
0.06650
0.06650
0.06800
0.06800
0.06900
0.07000
0.07200
0.07200
0.07250
0.07300
0.07350
0.07350
0.07450
0.07800
0.07850
0.08000
0.08050
0.08050
0.08100
0.08150
0.08150
0.08250
0.08350
0.08450
0.08650
0.09000
0.09150
0.09250
0.09300
0.09350
0.09400
0.09500
0.09550
0.09700
0.09850
0.10200
0.10750
0.10850
0.10950
0.11000
0.11050
0.11050
0.11200
0.11250
0.11350
0.11450
0.11500
0.11550
0.11600
0.11700
0.11700
0.11750
0.11850
0.11900
0.11950
0.11950
0.12000
0.12050
0.12150
0.12350
0.12450
0.12500
0.12650
0.12700
0.12850
0.12900
0.12950
0.13000
0.13050
0.13150
0.13200
0.13250
0.13250
0.13300
0.13350
0.13400
0.13450
0.13550
0.13650
0.13750
0.13800
0.13850
0.14000
0.14050
0.14100
0.14150
0.14300
0.14400
0.14700
0.14750
0.14800
0.14850
0.14950
0.15000
0.15050
0.15200
0.15350
0.15400
0.01150
0.01175
0.01250
0.01300
0.01350
0.01475
0.01500
0.01525
0.01575
0.01600
0.01625
0.01650
0.01675
0.01725
0.01750
0.01775
0.01800
0.01825
0.01900
0.01950
0.01975
0.02000
0.02050
0.02075
0.02150
0.02200
0.02450
0.02650
0.02775
0.02825
0.02900
0.02925
0.03075
0.03200
0.03400
0.03450
0.03550
0.03600
0.03650
0.03700
0.03750
0.03750
0.03800
0.03800
0.03850
0.03850
0.03900
0.03950
0.04000
0.04000
0.04050
0.04150
0.04200
0.04250
0.04300
0.04300
0.04350
0.04350
0.04400
0.04400
0.04450
0.04450
0.04500
0.04500
0.04550
0.04600
0.04650
0.04650
0.04700
0.04750
0.04750
0.04800
0.04800
0.04850
0.04850
0.04900
0.04900
0.04950
0.05000
0.05000
0.05100
0.05200
0.05200
0.05250
0.05300
0.05450
0.05550
0.05600
0.05650
0.05650
0.05700
0.05800
0.05850
0.05850
0.05950
0.06050
0.06150
0.06200
0.06250
0.06250
0.06550
0.06600
0.06700
0.06850
0.06850
0.06900
0.06950
0.06950
0.07000
0.07050
0.07350
0.07600
0.07750
0.07900
0.07950
0.08000
0.08100
0.08200
0.08250
0.08450
0.08750
0.09100
0.09150
0.09150
0.09200
0.09250
0.09350
0.09400
0.09450
0.09500
0.09550
0.09600
0.09650
0.09700
0.09750
0.09750
0.09800
0.09850
0.09900
0.09950
0.10100
0.10100
0.10150
0.10250
0.10300
0.10350
0.10500
0.10550
0.10600
0.10750
0.10800
0.10850
0.10850
0.10900
0.10950
0.11000
0.11050
0.11100
0.11350
0.11350
0.11400
0.11450
0.11550
0.11600
0.11600
0.11650
0.11750
0.11800
0.11850
0.11950
0.12150
0.12200
0.12350
0.12450
0.12700
0.12750
0.12850
0.12850
0.13000
0.13050
0.13100
0.00850
0.00900
0.00925
0.00950
0.00975
0.01000
0.01025
0.01125
0.01150
0.01200
0.01225
0.01275
0.01300
0.01325
0.01375
0.01400
0.01425
0.01450
0.01475
0.01550
0.01575
0.01625
0.01650
0.01900
0.02050
0.02100
0.02125
0.02150
0.02275
0.02350
0.02375
0.02550
0.02650
0.02700
0.02775
0.02825
0.02850
0.02875
0.02900
0.02925
0.02925
0.02950
0.02950
0.02975
0.03050
0.03075
0.03100
0.03150
0.03150
0.03200
0.03250
0.03300
0.03350
0.03450
0.03550
0.03600
0.03650
0.03650
0.03700
0.03750
0.03800
0.03800
0.03800
0.03850
0.03850
0.03900
0.03900
0.03950
0.03950
0.04000
0.04050
0.04050
0.04100
0.04100
0.04150
0.04150
0.04200
0.04250
0.04300
0.04350
0.04400
0.04500
0.04500
0.04700
0.04750
0.04750
0.04800
0.04900
0.05000
0.05100
0.05200
0.05250
0.05450
0.05550
0.05600
0.05700
0.05700
0.05700
0.05750
0.05800
0.05800
0.05950
0.06100
0.06450
0.06550
0.06600
0.06650
0.06700
0.06750
0.06850
0.07300
0.07350
0.07450
0.07550
0.07750
0.07850
0.07950
0.08000
0.08050
0.08150
0.08250
0.08350
0.08350
0.08450
0.08500
0.08550
0.08550
0.08600
0.08600
0.08650
0.08650
0.08750
0.08750
0.08850
0.08900
0.08950
0.09100
0.09100
0.09150
0.09200
0.09250
0.09250
0.09300
0.09300
0.09400
0.09500
0.09550
0.09600
0.09650
0.09700
0.09700
0.09800
0.09850
0.09950
0.09950
0.10000
0.10150
0.10200
0.10300
0.10350
0.10450
0.10750
0.10900
0.10950
0.11150
0.00650
0.00675
0.00700
0.00725
0.00775
0.00825
0.00875
0.00900
0.00925
0.00950
0.00975
0.01000
0.01025
0.01050
0.01075
0.01125
0.01150
0.01175
0.01200
0.01225
0.01250
0.01525
0.01550
0.01600
0.01625
0.01775
0.01825
0.02000
0.02075
0.02125
0.02150
0.02150
0.02175
0.02175
0.02200
0.02225
0.02225
0.02250
0.02275
0.02275
0.02325
0.02375
0.02425
0.02450
0.02475
0.02525
0.02525
0.02700
0.02750
0.02775
0.02825
0.02850
0.02900
0.02925
0.02925
0.02950
0.03000
0.03000
0.03050
0.03075
0.03075
0.03100
0.03100
0.03150
0.03200
0.03250
0.03300
0.03300
0.03350
0.03400
0.03400
0.03450
0.03500
0.03550
0.03600
0.03650
0.03700
0.03750
0.03800
0.03850
0.03900
0.03950
0.04050
0.04100
0.04250
0.04350
0.04400
0.04400
0.04450
0.04450
0.04500
0.04600
0.04650
0.04700
0.04750
0.04750
0.04850
0.04950
0.05000
0.05050
0.05400
0.05450
0.05550
0.05600
0.05700
0.05750
0.05850
0.06050
0.06200
0.06300
0.06550
0.06550
0.06600
0.06650
0.06700
0.06900
0.06900
0.06950
0.07050
0.07050
0.07100
0.07150
0.07150
0.07200
0.07250
0.07250
0.07300
0.07350
0.07400
0.07450
0.07550
0.07600
0.07600
0.07650
0.07700
0.07750
0.07850
0.07900
0.07950
0.08000
0.08050
0.08100
0.08100
0.08150
0.08250
0.08300
0.08350
0.08400
0.08500
0.08550
0.08700
0.08900
0.09000
0.09050
0.09100
0.09150
0.09200
0.09300
0.09350
0.09450
0.00475
0.00500
0.00525
0.00550
0.00575
0.00600
0.00675
0.00700
0.00725
0.00750
0.00775
0.00800
0.00825
0.00850
0.00850
0.00875
0.00900
0.00925
0.00975
0.01150
0.01175
0.01200
0.01250
0.01275
0.01300
0.01350
0.01550
0.01600
0.01625
0.01650
0.01650
0.01675
0.01700
0.01700
0.01725
0.01725
0.01750
0.01775
0.01825
0.01825
0.01875
0.01925
0.01950
0.02025
0.02050
0.02075
0.02125
0.02200
0.02225
0.02300
0.02325
0.02350
0.02375
0.02375
0.02400
0.02425
0.02475
0.02475
0.02500
0.02500
0.02575
0.02600
0.02625
0.02625
0.02675
0.02700
0.02750
0.02750
0.02775
0.02775
0.02800
0.02825
0.02850
0.02875
0.02875
0.02925
0.02975
0.03000
0.03125
0.03150
0.03200
0.03300
0.03350
0.03400
0.03450
0.03550
0.03550
0.03600
0.03600
0.03650
0.03650
0.03700
0.03700
0.03750
0.03800
0.03950
0.04000
0.04100
0.04150
0.04150
0.04250
0.04450
0.04500
0.04550
0.04600
0.04650
0.04700
0.04750
0.04800
0.04800
0.05000
0.05050
0.05250
0.05400
0.05450
0.05550
0.05550
0.05650
0.05700
0.05750
0.05800
0.05800
0.05850
0.05900
0.05900
0.06000
0.06050
0.06050
0.06100
0.06150
0.06150
0.06200
0.06300
0.06300
0.06300
0.06350
0.06400
0.06400
0.06450
0.06500
0.06500
0.06550
0.06600
0.06650
0.06650
0.06700
0.06700
0.06750
0.06750
0.06800
0.06850
0.06850
0.06900
0.06950
0.07000
0.07000
0.07050
0.07100
0.07150
0.07300
0.07500
0.07550
0.07600
0.07650
0.07750
0.07800
0.07900
0.07900
0.07950
0.00325
0.00350
0.00375
0.00400
0.00425
0.00475
0.00500
0.00550
0.00575
0.00600
0.00625
0.00650
0.00650
0.00675
0.00700
0.00750
0.00825
0.00850
0.00875
0.00975
0.01000
0.01050
0.01225
0.01250
0.01275
0.01300
0.01325
0.01325
0.01375
0.01400
0.01425
0.01450
0.01475
0.01500
0.01550
0.01575
0.01600
0.01625
0.01675
0.01725
0.01750
0.01800
0.01825
0.01900
0.01925
0.01950
0.01975
0.02025
0.02025
0.02025
0.02050
0.02050
0.02050
0.02075
0.02100
0.02125
0.02125
0.02175
0.02200
0.02225
0.02225
0.02250
0.02275
0.02300
0.02325
0.02325
0.02350
0.02375
0.02400
0.02425
0.02475
0.02525
0.02650
0.02700
0.02725
0.02850
0.02875
0.02900
0.02925
0.02925
0.03000
0.03000
0.03025
0.03025
0.03100
0.03200
0.03300
0.03300
0.03400
0.03450
0.03500
0.03550
0.03800
0.03850
0.03900
0.03950
0.04000
0.04000
0.04050
0.04100
0.04350
0.04400
0.04450
0.04450
0.04500
0.04500
0.04600
0.04650
0.04700
0.04750
0.04800
0.04800
0.04850
0.04850
0.04900
0.04950
0.05000
0.05000
0.05050
0.05100
0.05150
0.05150
0.05200
0.05250
0.05300
0.05350
0.05400
0.05400
0.05450
0.05500
0.05500
0.05550
0.05550
0.05600
0.05650
0.05700
0.05700
0.05700
0.05750
0.05800
0.05800
0.05850
0.05900
0.05900
0.05950
0.06050
0.06150
0.06300
0.06350
0.06400
0.06400
0.06450
0.06500
0.06600
0.06650
0.00250
0.00275
0.00300
0.00325
0.00350
0.00375
0.00400
0.00425
0.00425
0.00450
0.00475
0.00475
0.00500
0.00525
0.00550
0.00575
0.00675
0.00725
0.00750
0.00850
0.00950
0.01000
0.01000
0.01025
0.01050
0.01050
0.01050
0.01075
0.01100
0.01125
0.01150
0.01175
0.01225
0.01250
0.01275
0.01325
0.01375
0.01400
0.01425
0.01450
0.01475
0.01525
0.01550
0.01625
0.01675
0.01700
0.01700
0.01700
0.01725
0.01725
0.01750
0.01775
0.01775
0.01800
0.01800
0.01825
0.01850
0.01900
0.01925
0.01950
0.01975
0.02000
0.02025
0.02075
0.02100
0.02175
0.02225
0.02250
0.02275
0.02300
0.02325
0.02325
0.02375
0.02400
0.02425
0.02425
0.02525
0.02550
0.02575
0.02725
0.02750
0.02750
0.02775
0.02875
0.02925
0.02975
0.03100
0.03150
0.03250
0.03250
0.03350
0.03450
0.03500
0.03600
0.03650
0.03700
0.03750
0.03800
0.03850
0.03900
0.03900
0.03950
0.03950
0.04000
0.04000
0.04050
0.04050
0.04100
0.04150
0.04200
0.04200
0.04250
0.04250
0.04300
0.04300
0.04350
0.04350
0.04400
0.04450
0.04500
0.04550
0.04600
0.04600
0.04650
0.04650
0.04700
0.04750
0.04800
0.04800
0.04850
0.04900
0.05050
0.05100
0.05150
0.05200
0.05250
0.05350
0.05400
0.05450
0.00200
0.00225
0.00250
0.00275
0.00300
0.00325
0.00325
0.00350
0.00375
0.00400
0.00425
0.00450
0.00475
0.00500
0.00525
0.00550
0.00575
0.00600
0.00625
0.00725
0.00750
0.00775
0.00800
0.00800
0.00825
0.00850
0.00875
0.00900
0.00925
0.00975
0.01000
0.01050
0.01075
0.01100
0.01125
0.01150
0.01175
0.01200
0.01225
0.01250
0.01275
0.01375
0.01400
0.01425
0.01425
0.01450
0.01450
0.01475
0.01475
0.01500
0.01550
0.01550
0.01575
0.01625
0.01675
0.01700
0.01700
0.01750
0.01775
0.01800
0.01875
0.01900
0.01925
0.01950
0.01950
0.01975
0.02050
0.02100
0.02125
0.02200
0.02250
0.02250
0.02325
0.02375
0.02400
0.02425
0.02425
0.02475
0.02625
0.02650
0.02675
0.02725
0.02725
0.02750
0.02775
0.02850
0.02975
0.03075
0.03150
0.03150
0.03200
0.03250
0.03250
0.03300
0.03300
0.03350
0.03350
0.03400
0.03400
0.03450
0.03450
0.03500
0.03550
0.03550
0.03600
0.03600
0.03650
0.03650
0.03700
0.03700
0.03750
0.03800
0.03800
0.03850
0.03900
0.03950
0.04000
0.04000
0.04200
0.04250
0.04300
0.04350
0.04450
0.04450
0.04500
0.04550
0.04550
0.04600
0.04750
0.00150
0.00175
0.00200
0.00225
0.00250
0.00275
0.00300
0.00325
0.00350
0.00375
0.00400
0.00425
0.00450
0.00500
0.00575
0.00600
0.00625
0.00625
0.00650
0.00675
0.00675
0.00700
0.00725
0.00750
0.00775
0.00800
0.00825
0.00850
0.00850
0.00875
0.00925
0.00950
0.00975
0.01000
0.01025
0.01050
0.01075
0.01125
0.01200
0.01200
0.01225
0.01250
0.01275
0.01325
0.01350
0.01375
0.01400
0.01425
0.01475
0.01475
0.01500
0.01550
0.01550
0.01575
0.01625
0.01650
0.01675
0.01700
0.01750
0.01775
0.01800
0.01825
0.01875
0.01900
0.01950
0.01975
0.02000
0.02025
0.02050
0.02075
0.02125
0.02150
0.02225
0.02300
0.02325
0.02375
0.02375
0.02400
0.02425
0.02500
0.02500
0.02525
0.02625
0.02625
0.02675
0.02700
0.02700
0.02725
0.02725
0.02750
0.02775
0.02775
0.02775
0.02800
0.02800
0.02825
0.02850
0.02850
0.02875
0.02925
0.02950
0.02975
0.03000
0.03000
0.03025
0.03050
0.03075
0.03100
0.03150
0.03150
0.03200
0.03250
0.03300
0.03350
0.03450
0.03500
0.03550
0.03600
0.03650
0.03700
0.03750
0.03900
0.00125
0.00150
0.00175
0.00200
0.00225
0.00250
0.00275
0.00300
0.00325
0.00350
0.00375
0.00400
0.00425
0.00425
0.00475
0.00475
0.00500
0.00525
0.00525
0.00550
0.00575
0.00625
0.00650
0.00675
0.00700
0.00725
0.00750
0.00775
0.00825
0.00850
0.00900
0.01000
0.01025
0.01025
0.01075
0.01075
0.01100
0.01125
0.01150
0.01150
0.01175
0.01200
0.01200
0.01225
0.01225
0.01250
0.01275
0.01325
0.01375
0.01400
0.01425
0.01450
0.01475
0.01525
0.01575
0.01625
0.01675
0.01675
0.01675
0.01700
0.01700
0.01725
0.01725
0.01725
0.01750
0.01800
0.01900
0.01900
0.01925
0.01950
0.01975
0.01975
0.02000
0.02025
0.02050
0.02075
0.02100
0.02125
0.02175
0.02225
0.02225
0.02250
0.02250
0.02275
0.02275
0.02300
0.02300
0.02325
0.02325
0.02350
0.02375
0.02375
0.02400
0.02425
0.02450
0.02450
0.02475
0.02500
0.02525
0.02525
0.02550
0.02575
0.02575
0.02600
0.02600
0.02675
0.02700
0.02700
0.02725
0.02750
0.02775
0.02775
0.02850
0.02900
0.02925
0.02975
0.03000
0.03050
0.03075
0.03100
0.03100
0.03225
0.00125
0.00150
0.00175
0.00200
0.00225
0.00250
0.00275
0.00300
0.00300
0.00350
0.00400
0.00400
0.00425
0.00425
0.00425
0.00450
0.00475
0.00525
0.00550
0.00575
0.00600
0.00625
0.00650
0.00675
0.00700
0.00775
0.00825
0.00875
0.00875
0.00925
0.00950
0.00950
0.00950
0.00975
0.00975
0.00975
0.01000
0.01000
0.01025
0.01075
0.01125
0.01200
0.01225
0.01275
0.01325
0.01350
0.01375
0.01400
0.01425
0.01450
0.01450
0.01450
0.01475
0.01475
0.01525
0.01550
0.01550
0.01625
0.01650
0.01650
0.01675
0.01700
0.01700
0.01725
0.01750
0.01750
0.01775
0.01825
0.01850
0.01850
0.01875
0.01875
0.01900
0.01900
0.01925
0.01925
0.01950
0.01950
0.01975
0.01975
0.01975
0.02000
0.02025
0.02025
0.02050
0.02050
0.02075
0.02100
0.02100
0.02125
0.02125
0.02150
0.02175
0.02175
0.02200
0.02225
0.02250
0.02275
0.02300
0.02300
0.02350
0.02375
0.02400
0.02400
0.02425
0.02475
0.02500
0.02525
0.02550
0.02725
0.00100
0.00125
0.00150
0.00175
0.00200
0.00225
0.00250
0.00300
0.00325
0.00325
0.00350
0.00350
0.00375
0.00400
0.00425
0.00450
0.00475
0.00475
0.00500
0.00525
0.00550
0.00600
0.00725
0.00775
0.00775
0.00775
0.00800
0.00800
0.00825
0.00825
0.00825
0.00850
0.00875
0.00925
0.00975
0.01025
0.01050
0.01075
0.01100
0.01100
0.01125
0.01150
0.01175
0.01225
0.01225
0.01275
0.01275
0.01325
0.01350
0.01375
0.01375
0.01400
0.01400
0.01425
0.01425
0.01450
0.01450
0.01450
0.01450
0.01500
0.01500
0.01525
0.01525
0.01575
0.01575
0.01600
0.01600
0.01625
0.01625
0.01650
0.01650
0.01675
0.01700
0.01725
0.01725
0.01750
0.01750
0.01775
0.01800
0.01825
0.01825
0.01850
0.01900
0.01925
0.01950
0.01950
0.01975
0.01975
0.02000
0.02075
0.02100
0.02250
0.00100
0.00125
0.00150
0.00175
0.00200
0.00225
0.00250
0.00275
0.00275
0.00300
0.00300
0.00325
0.00325
0.00325
0.00350
0.00375
0.00400
0.00425
0.00425
0.00450
0.00500
0.00625
0.00675
0.00675
0.00675
0.00700
0.00700
0.00725
0.00750
0.00750
0.00825
0.00875
0.00900
0.00925
0.00950
0.00950
0.00975
0.01000
0.01025
0.01050
0.01050
0.01050
0.01075
0.01075
0.01100
0.01125
0.01125
0.01175
0.01175
0.01175
0.01200
0.01225
0.01225
0.01250
0.01250
0.01275
0.01275
0.01300
0.01325
0.01325
0.01350
0.01350
0.01375
0.01375
0.01400
0.01400
0.01425
0.01425
0.01450
0.01450
0.01475
0.01475
0.01500
0.01525
0.01525
0.01550
0.01550
0.01575
0.01600
0.01625
0.01650
0.01675
0.01700
0.01725
0.01725
0.01750
0.01850
0.00100
0.00125
0.00150
0.00175
0.00200
0.00225
0.00250
0.00250
0.00275
0.00300
0.00325
0.00325
0.00350
0.00375
0.00400
0.00425
0.00450
0.00550
0.00575
0.00600
0.00600
0.00625
0.00650
0.00650
0.00675
0.00725
0.00775
0.00775
0.00800
0.00800
0.00825
0.00850
0.00875
0.00875
0.00925
0.00925
0.00950
0.00975
0.00975
0.01000
0.01025
0.01050
0.01050
0.01075
0.01075
0.01100
0.01100
0.01125
0.01150
0.01150
0.01175
0.01175
0.01200
0.01200
0.01200
0.01225
0.01225
0.01250
0.01275
0.01275
0.01300
0.01325
0.01325
0.01375
0.01375
0.01400
0.01425
0.01450
0.01475
0.01500
0.00100
0.00125
0.00150
0.00175
0.00200
0.00200
0.00225
0.00225
0.00225
0.00250
0.00250
0.00275
0.00300
0.00300
0.00325
0.00350
0.00450
0.00475
0.00500
0.00525
0.00525
0.00525
0.00550
0.00575
0.00575
0.00600
0.00625
0.00650
0.00675
0.00675
0.00700
0.00725
0.00750
0.00750
0.00775
0.00775
0.00775
0.00800
0.00800
0.00800
0.00825
0.00825
0.00850
0.00875
0.00875
0.00925
0.00925
0.00950
0.00950
0.00975
0.00975
0.00975
0.01000
0.01000
0.01025
0.01025
0.01050
0.01050
0.01050
0.01075
0.01100
0.01100
0.01125
0.01125
0.01150
0.01150
0.01175
0.01200
0.01200
0.01225
0.01250
0.01250
0.01300
0.00075
0.00100
0.00125
0.00150
0.00175
0.00200
0.00200
0.00225
0.00225
0.00250
0.00275
0.00300
0.00300
0.00400
0.00425
0.00475
0.00525
0.00575
0.00575
0.00600
0.00600
0.00625
0.00625
0.00650
0.00650
0.00675
0.00675
0.00700
0.00700
0.00725
0.00750
0.00775
0.00775
0.00800
0.00825
0.00825
0.00850
0.00850
0.00850
0.00850
0.00875
0.00875
0.00900
0.00900
0.00900
0.00900
0.00925
0.00925
0.00950
0.00950
0.00975
0.00975
0.01050
0.01050
0.01050
0.01075
0.01100
0.00100
0.00125
0.00150
0.00150
0.00150
0.00175
0.00175
0.00200
0.00200
0.00225
0.00225
0.00250
0.00275
0.00300
0.00375
0.00400
0.00425
0.00475
0.00475
0.00500
0.00525
0.00525
0.00550
0.00550
0.00575
0.00575
0.00600
0.00600
0.00625
0.00625
0.00625
0.00650
0.00650
0.00675
0.00675
0.00700
0.00725
0.00725
0.00750
0.00750
0.00775
0.00775
0.00775
0.00800
0.00800
0.00825
0.00825
0.00850
0.00850
0.00850
0.00875
0.00900
0.00900
0.00925
0.00950
0.00950
0.00075
0.00100
0.00125
0.00150
0.00175
0.00200
0.00225
0.00250
0.00275
0.00325
0.00375
0.00375
0.00400
0.00425
0.00425
0.00450
0.00450
0.00475
0.00475
0.00475
0.00500
0.00500
0.00525
0.00525
0.00550
0.00550
0.00550
0.00575
0.00575
0.00600
0.00600
0.00625
0.00625
0.00650
0.00650
0.00650
0.00675
0.00675
0.00700
0.00700
0.00725
0.00725
0.00725
0.00750
0.00750
0.00775
0.00775
0.00800
0.00800
0.00825
0.00075
0.00100
0.00125
0.00150
0.00150
0.00150
0.00175
0.00200
0.00225
0.00300
0.00300
0.00325
0.00350
0.00375
0.00375
0.00400
0.00400
0.00400
0.00425
0.00425
0.00425
0.00450
0.00450
0.00475
0.00475
0.00475
0.00500
0.00525
0.00525
0.00525
0.00550
0.00550
0.00575
0.00575
0.00600
0.00600
0.00625
0.00625
0.00650
0.00650
0.00650
0.00650
0.00675
0.00700
0.00725
0.00725
0.00750
0.00075
0.00100
0.00125
0.00150
0.00150
0.00175
0.00200
0.00225
0.00275
0.00300
0.00300
0.00325
0.00325
0.00325
0.00350
0.00350
0.00375
0.00375
0.00375
0.00400
0.00400
0.00425
0.00425
0.00425
0.00450
0.00450
0.00450
0.00475
0.00475
0.00475
0.00500
0.00500
0.00525
0.00525
0.00550
0.00550
0.00575
0.00575
0.00600
0.00625
0.00650
0.00075
0.00100
0.00125
0.00125
0.00150
0.00175
0.00200
0.00225
0.00250
0.00275
0.00300
0.00300
0.00325
0.00325
0.00350
0.00400
0.00425
0.00450
0.00450
0.00475
0.00475
0.00475
0.00500
0.00500
0.00525
0.00525
0.00550
0.00575
0.00075
0.00100
0.00125
0.00150
0.00150
0.00175
0.00225
0.00250
0.00250
0.00275
0.00275
0.00300
0.00300
0.00300
0.00325
0.00325
0.00325
0.00350
0.00350
0.00375
0.00375
0.00400
0.00400
0.00425
0.00425
0.00425
0.00425
0.00450
0.00450
0.00475
0.00475
0.00475
0.00500
0.00500
0.00525
0.00525
0.00550
0.00075
0.00100
0.00100
0.00125
0.00125
0.00150
0.00175
0.00200
0.00225
0.00250
0.00250
0.00275
0.00275
0.00275
0.00300
0.00300
0.00325
0.00325
0.00325
0.00325
0.00350
0.00350
0.00350
0.00375
0.00375
0.00375
0.00400
0.00400
0.00425
0.00425
0.00425
0.00450
0.00450
0.00475
0.00075
0.00100
0.00125
0.00150
0.00150
0.00175
0.00200
0.00225
0.00250
0.00275
0.00275
0.00275
0.00300
0.00300
0.00300
0.00325
0.00325
0.00325
0.00350
0.00350
0.00375
0.00375
0.00400
0.00425
0.00425
0.00450
0.00075
0.00075
0.00100
0.00125
0.00150
0.00150
0.00175
0.00200
0.00200
0.00225
0.00225
0.00225
0.00250
0.00250
0.00250
0.00275
0.00275
0.00300
0.00300
0.00325
0.00350
0.00375
0.00400
0.00100
0.00125
0.00225
0.00075
0.00100
0.00125
0.00150
0.00175
0.00175
0.00175
0.00200
0.00200
0.00225
0.00225
0.00225
0.00250
0.00250
0.00275
0.00275
0.00300
0.00300
0.00325
0.00350
0.00350
0.00075
0.00100
0.00150
0.00150
0.00150
0.00175
0.00175
0.00175
0.00200
0.00200
0.00225
0.00225
0.00250
0.00250
0.00275
0.00300
0.00300
0.00075
0.00100
0.00125
0.00150
0.00175
0.00175
0.00200
0.00200
0.00200
0.00225
0.00225
0.00225
0.00250
0.00250
0.00275
0.00275
0.00300
0.00875
0.00075
0.00100
0.00125
0.00150
0.00175
0.00200
0.00200
0.00225
0.00225
0.00225
0.00250
0.00250
0.00300
0.00075
0.00100
0.00125
0.00150
0.00150
0.00175
0.00175
0.00200
0.00200
0.00225
0.00225
0.00250
0.00075
0.00100
0.00125
0.00150
0.00150
0.00175
0.00175
0.00200
0.00200
0.00225
0.00225
0.00250
0.00275
0.00075
0.00100
0.00125
0.00150
0.00150
0.00175
0.00175
0.00200
0.00200
0.00300
0.00400
